Date,Low,Open,Volume,High,Close,Adjusted_Close
30-06-2021,41.11000061035156,46.0,20587300,46.5,42.5,42.5
01-07-2021,39.93999862670898,44.27999877929688,6293400,44.75,40.040000915527344,40.040000915527344
02-07-2021,41.33000183105469,42.11000061035156,4635000,45.20000076293945,44.59000015258789,44.59000015258789
06-07-2021,45.52999877929688,45.810001373291016,7135800,50.59000015258789,49.5,49.5
07-07-2021,49.79999923706055,52.97999954223633,7092800,54.04999923706055,51.4900016784668,51.4900016784668
08-07-2021,45.25,50.0,3722200,50.97999954223633,50.0,50.0
09-07-2021,48.25,51.380001068115234,1495700,51.79999923706055,49.2400016784668,49.2400016784668
12-07-2021,48.40999984741211,50.5,1445000,51.16999816894531,50.58000183105469,50.58000183105469
13-07-2021,47.33000183105469,50.630001068115234,1468000,51.040000915527344,49.0099983215332,49.0099983215332
14-07-2021,44.9900016784668,49.0099983215332,2561600,50.13999938964844,46.0,46.0
15-07-2021,42.79999923706055,47.060001373291016,1686000,47.2400016784668,43.400001525878906,43.400001525878906
16-07-2021,43.209999084472656,43.5,1608500,47.34999847412109,44.150001525878906,44.150001525878906
19-07-2021,43.02000045776367,43.90999984741211,1757400,47.81999969482422,47.0,47.0
20-07-2021,45.26300048828125,47.2400016784668,988400,47.75,47.45000076293945,47.45000076293945
21-07-2021,46.54999923706055,47.45000076293945,931600,49.310001373291016,47.09999847412109,47.09999847412109
22-07-2021,45.82099914550781,46.34999847412109,1011600,48.70000076293945,47.77000045776367,47.77000045776367
23-07-2021,46.060001373291016,48.09000015258789,753000,49.20000076293945,46.560001373291016,46.560001373291016
26-07-2021,47.720001220703125,48.4900016784668,1793300,50.380001068115234,49.5,49.5
27-07-2021,46.66999816894531,49.75,1003700,50.02999877929688,47.59999847412109,47.59999847412109
28-07-2021,48.0,48.0,1288300,50.869998931884766,49.810001373291016,49.810001373291016
29-07-2021,49.67399978637695,50.400001525878906,1066900,51.7400016784668,50.560001373291016,50.560001373291016
30-07-2021,48.59000015258789,50.0,2361100,55.290000915527344,49.310001373291016,49.310001373291016
02-08-2021,50.17100143432617,50.70000076293945,1174800,53.02999877929688,51.970001220703125,51.970001220703125
03-08-2021,51.369998931884766,52.119998931884766,1271300,53.5,51.869998931884766,51.869998931884766
04-08-2021,49.630001068115234,51.5,1232300,51.959999084472656,50.060001373291016,50.060001373291016
05-08-2021,49.75,50.0,1421000,52.70000076293945,52.5,52.5
06-08-2021,50.354000091552734,52.52999877929688,921900,53.09000015258789,50.88999938964844,50.88999938964844
09-08-2021,49.70000076293945,51.08000183105469,730600,51.959999084472656,50.61000061035156,50.61000061035156
10-08-2021,49.0099983215332,50.59000015258789,1040600,51.25,49.310001373291016,49.310001373291016
11-08-2021,46.56999969482422,49.0099983215332,1371700,49.125,46.63999938964844,46.63999938964844
12-08-2021,46.650001525878906,47.09999847412109,929800,50.33000183105469,49.68000030517578,49.68000030517578
13-08-2021,48.8849983215332,49.68000030517578,580500,50.95000076293945,50.36000061035156,50.36000061035156
16-08-2021,47.540000915527344,49.4900016784668,887200,50.27999877929688,49.34999847412109,49.34999847412109
17-08-2021,46.25,48.5,1319000,48.5,47.02000045776367,47.02000045776367
18-08-2021,47.2400016784668,47.2400016784668,608800,49.77999877929688,48.70000076293945,48.70000076293945
19-08-2021,47.77999877929688,47.9900016784668,925300,51.5,50.36000061035156,50.36000061035156
20-08-2021,49.130001068115234,50.0099983215332,706900,51.36000061035156,51.290000915527344,51.290000915527344
23-08-2021,51.20000076293945,51.20000076293945,2008800,56.0,53.130001068115234,53.130001068115234
24-08-2021,54.5,54.970001220703125,2206100,59.119998931884766,56.70000076293945,56.70000076293945
25-08-2021,55.86000061035156,57.70000076293945,1341000,60.11000061035156,59.38999938964844,59.38999938964844
26-08-2021,59.459999084472656,59.63999938964844,2035000,64.02999877929688,61.0099983215332,61.0099983215332
27-08-2021,62.34999847412109,62.5,1705900,66.0,64.9000015258789,64.9000015258789
30-08-2021,64.18000030517578,65.02999877929688,1432900,66.66000366210938,65.19000244140625,65.19000244140625
31-08-2021,63.83000183105469,64.7300033569336,1420300,65.55999755859375,63.93000030517578,63.93000030517578
01-09-2021,63.310001373291016,63.43000030517578,1806200,68.69999694824219,67.26000213623047,67.26000213623047
02-09-2021,64.33599853515625,68.61000061035156,1420500,68.7699966430664,64.77999877929688,64.77999877929688
03-09-2021,64.63999938964844,64.68000030517578,1372600,69.4219970703125,69.04000091552734,69.04000091552734
07-09-2021,69.4800033569336,69.4800033569336,2958200,73.47000122070312,71.01000213623047,71.01000213623047
08-09-2021,65.51000213623047,70.18000030517578,4258500,70.6500015258789,68.23999786376953,68.23999786376953
09-09-2021,62.040000915527344,69.11000061035156,5642500,72.94999694824219,66.04000091552734,66.04000091552734
10-09-2021,62.0099983215332,67.0,3897800,68.0,63.75,63.75
13-09-2021,58.52000045776367,64.18000030517578,3800100,64.44000244140625,61.0,61.0
14-09-2021,61.09000015258789,61.5,1969700,62.887001037597656,62.09999847412109,62.09999847412109
15-09-2021,61.34999847412109,61.5,2537600,67.55000305175781,67.51000213623047,67.51000213623047
16-09-2021,66.76000213623047,67.05999755859375,3405600,72.76000213623047,72.75,72.75
17-09-2021,66.80999755859375,71.69999694824219,7317900,72.4000015258789,69.25,69.25
20-09-2021,62.0,64.0,3454600,66.66000366210938,63.880001068115234,63.880001068115234
21-09-2021,61.79999923706055,64.80999755859375,3106900,65.19000244140625,64.16000366210938,64.16000366210938
22-09-2021,62.5,64.62000274658203,1983500,65.5199966430664,64.36000061035156,64.36000061035156
23-09-2021,60.09999847412109,64.52999877929688,3075000,65.0,60.869998931884766,60.869998931884766
24-09-2021,60.0,60.0099983215332,1886000,62.34000015258789,61.060001373291016,61.060001373291016
27-09-2021,56.40999984741211,60.04999923706055,3273900,60.53499984741211,57.09999847412109,57.09999847412109
28-09-2021,53.84999847412109,55.380001068115234,11096600,56.959999084472656,55.650001525878906,55.650001525878906
29-09-2021,54.380001068115234,55.79999923706055,5155900,58.77000045776367,54.380001068115234,54.380001068115234
30-09-2021,52.959999084472656,55.15999984741211,3183500,56.27999877929688,53.56999969482422,53.56999969482422
01-10-2021,52.09000015258789,54.02999877929688,2991500,55.900001525878906,55.2400016784668,55.2400016784668
04-10-2021,50.58000183105469,55.31999969482422,2839900,55.494998931884766,51.369998931884766,51.369998931884766
05-10-2021,50.9900016784668,51.5,1721500,53.880001068115234,51.34999847412109,51.34999847412109
06-10-2021,50.49100112915039,50.5,2454300,53.93999862670898,53.4900016784668,53.4900016784668
07-10-2021,54.29999923706055,54.5099983215332,2475800,59.0,56.7599983215332,56.7599983215332
08-10-2021,54.650001525878906,57.31999969482422,1310100,57.93999862670898,54.650001525878906,54.650001525878906
11-10-2021,52.150001525878906,54.02999877929688,1199600,54.93999862670898,52.38999938964844,52.38999938964844
12-10-2021,52.81999969482422,53.560001373291016,1784200,56.4900016784668,54.93999862670898,54.93999862670898
13-10-2021,55.27999877929688,55.27999877929688,1873100,59.75,59.060001373291016,59.060001373291016
14-10-2021,59.380001068115234,61.060001373291016,1808600,62.93999862670898,60.0,60.0
15-10-2021,58.20000076293945,61.04999923706055,936800,61.119998931884766,59.58000183105469,59.58000183105469
18-10-2021,59.58000183105469,59.61000061035156,1328400,63.65999984741211,62.63999938964844,62.63999938964844
19-10-2021,61.2599983215332,63.61000061035156,1472300,64.9800033569336,62.4900016784668,62.4900016784668
20-10-2021,61.22999954223633,63.0,839100,63.79999923706055,62.560001373291016,62.560001373291016
21-10-2021,62.5,62.77999877929688,1483900,67.95999908447266,65.76000213623047,65.76000213623047
22-10-2021,63.0099983215332,66.12999725341797,982100,66.2699966430664,63.790000915527344,63.790000915527344
25-10-2021,63.18999862670898,64.06999969482422,942500,66.5,65.26000213623047,65.26000213623047
26-10-2021,63.81999969482422,66.36000061035156,1263800,67.77999877929688,66.0,66.0
27-10-2021,63.5099983215332,66.11000061035156,1096200,68.5,63.790000915527344,63.790000915527344
28-10-2021,61.810001373291016,63.70000076293945,1077400,64.7979965209961,64.01000213623047,64.01000213623047
29-10-2021,63.900001525878906,64.0,1010600,67.25,66.4000015258789,66.4000015258789
01-11-2021,63.68999862670898,66.68000030517578,1169000,67.19999694824219,66.97000122070312,66.97000122070312
02-11-2021,62.7599983215332,67.0,1627400,70.66999816894531,64.2300033569336,64.2300033569336
03-11-2021,63.25,64.13999938964844,782300,66.30000305175781,65.83000183105469,65.83000183105469
04-11-2021,65.30999755859375,65.79000091552734,1671600,69.87999725341797,69.2699966430664,69.2699966430664
05-11-2021,63.880001068115234,69.5,2038300,69.5,66.91000366210938,66.91000366210938
08-11-2021,66.47000122070312,66.77999877929688,1662600,70.29900360107422,69.88999938964844,69.88999938964844
09-11-2021,68.61000061035156,70.5199966430664,3345700,75.48999786376953,74.87000274658203,74.87000274658203
10-11-2021,68.5,72.58000183105469,2741600,74.38999938964844,70.72000122070312,70.72000122070312
11-11-2021,71.51000213623047,72.16999816894531,1069000,74.08999633789062,73.1500015258789,73.1500015258789
12-11-2021,74.34700012207031,74.37000274658203,1927600,78.52999877929688,76.30000305175781,76.30000305175781
15-11-2021,71.1500015258789,76.87000274658203,1775300,78.27999877929688,71.55000305175781,71.55000305175781
16-11-2021,71.77999877929688,72.0,1301800,75.5199966430664,74.69000244140625,74.69000244140625
17-11-2021,71.36000061035156,75.0,884800,75.125,73.70999908447266,73.70999908447266
18-11-2021,70.12999725341797,74.54000091552734,1062100,74.87999725341797,72.12999725341797,72.12999725341797
19-11-2021,70.06999969482422,72.87000274658203,1299400,75.5,70.30000305175781,70.30000305175781
22-11-2021,62.150001525878906,70.62999725341797,2783500,70.80000305175781,64.02999877929688,64.02999877929688
23-11-2021,58.0099983215332,63.0099983215332,3863900,65.58999633789062,58.2599983215332,58.2599983215332
24-11-2021,55.650001525878906,57.560001373291016,3608100,59.720001220703125,58.43999862670898,58.43999862670898
26-11-2021,56.59000015258789,57.790000915527344,1309400,59.9900016784668,57.630001068115234,57.630001068115234
29-11-2021,55.64699935913086,59.0,2324800,59.43999862670898,58.06999969482422,58.06999969482422
30-11-2021,52.5,58.0,3574800,59.540000915527344,53.970001220703125,53.970001220703125
01-12-2021,48.400001525878906,55.41999816894531,3032500,55.97299957275391,48.56999969482422,48.56999969482422
02-12-2021,46.77999877929688,49.0099983215332,5120700,52.047000885009766,50.040000915527344,50.040000915527344
03-12-2021,44.10200119018555,50.15999984741211,3756700,50.5,46.22999954223633,46.22999954223633
06-12-2021,43.0,46.220001220703125,3111200,46.869998931884766,45.0099983215332,45.0099983215332
07-12-2021,47.380001068115234,47.43000030517578,7505000,52.400001525878906,51.040000915527344,51.040000915527344
08-12-2021,43.040000915527344,45.09999847412109,12237300,49.369998931884766,48.59999847412109,48.59999847412109
09-12-2021,46.2599983215332,46.72999954223633,13924400,48.880001068115234,48.11000061035156,48.11000061035156
10-12-2021,47.5099983215332,47.900001525878906,8192200,50.45000076293945,50.29999923706055,50.29999923706055
13-12-2021,46.720001220703125,49.5,8528400,50.34000015258789,47.15999984741211,47.15999984741211
14-12-2021,44.709999084472656,45.0,5718300,47.11000061035156,46.470001220703125,46.470001220703125
15-12-2021,45.88999938964844,46.81999969482422,5823400,50.54999923706055,50.09000015258789,50.09000015258789
16-12-2021,46.54999923706055,50.08000183105469,5246600,51.5,47.369998931884766,47.369998931884766
17-12-2021,43.31999969482422,45.619998931884766,6576800,48.470001220703125,47.970001220703125,47.970001220703125
20-12-2021,45.650001525878906,46.58000183105469,3433400,49.61000061035156,49.150001525878906,49.150001525878906
21-12-2021,47.66999816894531,49.5,3430300,51.08000183105469,50.29999923706055,50.29999923706055
22-12-2021,49.709999084472656,50.11000061035156,3632800,52.810001373291016,51.68999862670898,51.68999862670898
23-12-2021,48.93999862670898,51.970001220703125,2544000,52.52000045776367,51.59999847412109,51.59999847412109
27-12-2021,51.61000061035156,52.0,1991300,53.970001220703125,53.20000076293945,53.20000076293945
28-12-2021,51.13999938964844,53.29999923706055,1493600,53.54999923706055,52.220001220703125,52.220001220703125
29-12-2021,49.130001068115234,51.9900016784668,2061300,52.16999816894531,50.630001068115234,50.630001068115234
30-12-2021,49.880001068115234,50.540000915527344,1753600,53.290000915527344,52.310001373291016,52.310001373291016
31-12-2021,50.25,52.04999923706055,2399900,53.150001525878906,50.4900016784668,50.4900016784668
03-01-2022,46.66999816894531,52.0,6302600,52.290000915527344,47.619998931884766,47.619998931884766
04-01-2022,44.5099983215332,47.220001220703125,3665400,47.75,46.560001373291016,46.560001373291016
05-01-2022,43.34999847412109,46.02999877929688,3919700,47.0,43.61000061035156,43.61000061035156
06-01-2022,41.41999816894531,42.86000061035156,5350800,44.999000549316406,43.34000015258789,43.34000015258789
07-01-2022,42.63600158691406,43.459999084472656,3526200,45.43999862670898,44.33000183105469,44.33000183105469
10-01-2022,40.7400016784668,42.7599983215332,5173700,46.09999847412109,45.869998931884766,45.869998931884766
11-01-2022,44.0,44.540000915527344,3459800,49.02999877929688,48.880001068115234,48.880001068115234
12-01-2022,46.84999847412109,49.150001525878906,3777400,50.10599899291992,46.9900016784668,46.9900016784668
13-01-2022,41.84000015258789,47.119998931884766,4409100,47.400001525878906,42.209999084472656,42.209999084472656
14-01-2022,41.25,41.970001220703125,3177500,43.20800018310547,42.68000030517578,42.68000030517578
18-01-2022,40.84000015258789,41.650001525878906,3003300,43.47999954223633,41.20000076293945,41.20000076293945
19-01-2022,40.650001525878906,41.04999923706055,2282200,43.0,41.380001068115234,41.380001068115234
20-01-2022,41.720001220703125,42.560001373291016,4032900,44.79999923706055,41.84000015258789,41.84000015258789
21-01-2022,39.790000915527344,41.22999954223633,6309600,42.47999954223633,40.11000061035156,40.11000061035156
24-01-2022,35.900001525878906,38.47999954223633,5315800,41.60499954223633,41.4900016784668,41.4900016784668
25-01-2022,37.5,39.5099983215332,3828500,41.29999923706055,39.2599983215332,39.2599983215332
26-01-2022,39.59999847412109,40.93000030517578,4692200,44.79999923706055,39.93000030517578,39.93000030517578
27-01-2022,38.33000183105469,41.380001068115234,2321900,41.6870002746582,38.43999862670898,38.43999862670898
28-01-2022,36.59999847412109,38.83000183105469,2582400,40.66999816894531,40.540000915527344,40.540000915527344
31-01-2022,41.5,41.880001068115234,2669000,44.95000076293945,44.75,44.75
01-02-2022,43.27000045776367,44.959999084472656,2418700,46.93999862670898,46.88999938964844,46.88999938964844
02-02-2022,43.220001220703125,45.40999984741211,2763100,46.27000045776367,43.88999938964844,43.88999938964844
03-02-2022,40.900001525878906,41.810001373291016,2384600,43.209999084472656,40.900001525878906,40.900001525878906
04-02-2022,40.900001525878906,41.43000030517578,2050600,43.619998931884766,42.84999847412109,42.84999847412109
07-02-2022,42.95000076293945,43.0,2263900,46.18999862670898,43.66999816894531,43.66999816894531
08-02-2022,41.75,42.369998931884766,4225800,44.02999877929688,43.34000015258789,43.34000015258789
09-02-2022,43.65999984741211,43.70000076293945,3963700,46.98500061035156,46.560001373291016,46.560001373291016
10-02-2022,42.810001373291016,43.790000915527344,4671900,48.459999084472656,46.43000030517578,46.43000030517578
11-02-2022,44.41999816894531,46.369998931884766,2786000,47.16999816894531,45.08000183105469,45.08000183105469
14-02-2022,43.040000915527344,44.06999969482422,2666300,46.0,44.20000076293945,44.20000076293945
15-02-2022,43.34999847412109,44.5,3353200,46.02000045776367,45.9900016784668,45.9900016784668
16-02-2022,44.04999923706055,46.04999923706055,2540700,46.13999938964844,44.880001068115234,44.880001068115234
17-02-2022,41.0099983215332,44.09999847412109,2891200,44.630001068115234,41.2599983215332,41.2599983215332
18-02-2022,38.58000183105469,41.5,7466500,42.2400016784668,38.9900016784668,38.9900016784668
22-02-2022,37.334999084472656,38.52999877929688,2618600,40.220001220703125,37.5099983215332,37.5099983215332
23-02-2022,34.029998779296875,35.81999969482422,6661500,38.150001525878906,34.09000015258789,34.09000015258789
24-02-2022,31.82999992370605,32.09000015258789,7522800,39.41999816894531,39.130001068115234,39.130001068115234
25-02-2022,37.54999923706055,38.09999847412109,4027500,40.16999816894531,38.81999969482422,38.81999969482422
28-02-2022,38.77000045776367,39.56999969482422,4542500,42.220001220703125,41.5,41.5
01-03-2022,41.869998931884766,42.41999816894531,4256700,44.7400016784668,42.02000045776367,42.02000045776367
02-03-2022,40.12900161743164,42.18999862670898,3438900,43.02000045776367,42.77000045776367,42.77000045776367
03-03-2022,39.41999816894531,42.09000015258789,3747000,42.29999923706055,41.04999923706055,41.04999923706055
04-03-2022,36.27000045776367,39.0,5617100,39.79999923706055,36.7400016784668,36.7400016784668
07-03-2022,33.68000030517578,37.5,4542300,38.58000183105469,33.91999816894531,33.91999816894531
08-03-2022,32.099998474121094,34.0,5336600,34.52000045776367,32.290000915527344,32.290000915527344
09-03-2022,32.16999816894531,32.72999954223633,6544600,35.029998779296875,34.63999938964844,34.63999938964844
10-03-2022,33.88999938964844,34.75,5604500,36.150001525878906,35.2400016784668,35.2400016784668
11-03-2022,32.61000061035156,34.41999816894531,4710700,35.279998779296875,32.90999984741211,32.90999984741211
14-03-2022,29.299999237060547,32.95000076293945,9201500,33.72999954223633,29.549999237060547,29.549999237060547
15-03-2022,29.670000076293945,30.51000022888184,9695000,31.75,30.88999938964844,30.88999938964844
16-03-2022,30.770000457763672,30.770000457763672,14845600,36.83000183105469,35.04999923706055,35.04999923706055
17-03-2022,33.58000183105469,33.58000183105469,8896900,38.0,37.66999816894531,37.66999816894531
18-03-2022,36.91999816894531,37.09000015258789,27709100,40.66999816894531,40.56999969482422,40.56999969482422
21-03-2022,37.82699966430664,39.119998931884766,6007700,40.29999923706055,38.47999954223633,38.47999954223633
22-03-2022,38.59999847412109,39.560001373291016,5099400,42.09999847412109,41.27000045776367,41.27000045776367
23-03-2022,39.15999984741211,40.20000076293945,3761700,42.29499816894531,41.70000076293945,41.70000076293945
24-03-2022,40.33000183105469,41.43999862670898,2425600,42.79999923706055,42.380001068115234,42.380001068115234
25-03-2022,39.040000915527344,42.84000015258789,3178500,42.84000015258789,40.47999954223633,40.47999954223633
28-03-2022,39.55899810791016,40.540000915527344,2118100,41.52999877929688,40.459999084472656,40.459999084472656
29-03-2022,38.2599983215332,40.15999984741211,4468300,41.150001525878906,40.77999877929688,40.77999877929688
30-03-2022,38.54999923706055,40.40999984741211,2945700,41.0,38.869998931884766,38.869998931884766
31-03-2022,37.93999862670898,38.93000030517578,2021000,40.52999877929688,38.7400016784668,38.7400016784668
01-04-2022,38.09999847412109,38.810001373291016,2396600,39.40999984741211,38.880001068115234,38.880001068115234
04-04-2022,39.060001373291016,39.380001068115234,4644200,41.68000030517578,41.540000915527344,41.540000915527344
05-04-2022,37.650001525878906,41.540000915527344,4318300,41.54999923706055,38.220001220703125,38.220001220703125
06-04-2022,34.560001373291016,37.40999984741211,4714400,37.43000030517578,35.45000076293945,35.45000076293945
07-04-2022,34.7400016784668,35.75,3409500,36.95399856567383,35.279998779296875,35.279998779296875
08-04-2022,33.91999816894531,35.06999969482422,3546000,35.150001525878906,34.02000045776367,34.02000045776367
11-04-2022,32.790000915527344,33.27000045776367,5572000,34.90999984741211,34.04999923706055,34.04999923706055
12-04-2022,33.97999954223633,34.84000015258789,3573500,35.97999954223633,34.040000915527344,34.040000915527344
13-04-2022,33.70000076293945,34.040000915527344,4263900,38.56999969482422,38.34999847412109,38.34999847412109
14-04-2022,36.7400016784668,37.59999847412109,2810500,37.95000076293945,37.119998931884766,37.119998931884766
18-04-2022,35.779998779296875,37.0,2951400,37.790000915527344,36.4900016784668,36.4900016784668
19-04-2022,35.72999954223633,36.400001525878906,1903800,38.310001373291016,37.93000030517578,37.93000030517578
20-04-2022,35.61000061035156,38.18999862670898,2824900,38.290000915527344,36.22999954223633,36.22999954223633
21-04-2022,33.185001373291016,36.5,3517000,37.36000061035156,33.529998779296875,33.529998779296875
22-04-2022,32.560001373291016,33.79999923706055,2448200,34.5,32.68000030517578,32.68000030517578
25-04-2022,31.961000442504883,32.06999969482422,4191800,35.63999938964844,35.380001068115234,35.380001068115234
26-04-2022,33.72999954223633,34.83000183105469,2925200,35.34000015258789,34.11000061035156,34.11000061035156
27-04-2022,32.68000030517578,34.130001068115234,3210600,35.32500076293945,33.29999923706055,33.29999923706055
28-04-2022,32.54999923706055,33.34000015258789,1851200,35.459999084472656,34.93000030517578,34.93000030517578
29-04-2022,33.119998931884766,34.970001220703125,1535600,36.5,33.27000045776367,33.27000045776367
02-05-2022,32.334999084472656,32.9900016784668,1592200,33.970001220703125,33.790000915527344,33.790000915527344
03-05-2022,31.950000762939453,33.27000045776367,1956000,34.75,32.470001220703125,32.470001220703125
04-05-2022,29.559999465942383,32.56999969482422,3924200,32.97999954223633,32.79999923706055,32.79999923706055
05-05-2022,28.95499992370605,31.8799991607666,2666000,32.31999969482422,29.290000915527344,29.290000915527344
06-05-2022,25.459999084472656,28.61000061035156,5066700,28.61000061035156,26.11000061035156,26.11000061035156
09-05-2022,21.59000015258789,25.209999084472656,5917300,25.5,21.940000534057617,21.940000534057617
10-05-2022,20.6299991607666,22.82999992370605,5161500,24.0,21.709999084472656,21.709999084472656
11-05-2022,19.56999969482422,21.38999938964844,4201900,22.34000015258789,19.63999938964844,19.63999938964844
12-05-2022,18.63999938964844,18.8700008392334,5864800,23.479999542236328,21.51000022888184,21.51000022888184
13-05-2022,22.21999931335449,22.21999931335449,9404600,26.694000244140625,24.049999237060547,24.049999237060547
16-05-2022,22.09000015258789,23.07999992370605,3254200,24.25,22.420000076293945,22.420000076293945
17-05-2022,21.25,23.09000015258789,2436400,23.959999084472656,22.959999084472656,22.959999084472656
18-05-2022,21.059999465942383,22.5,2455400,22.84000015258789,21.59000015258789,21.59000015258789
19-05-2022,21.6299991607666,21.63999938964844,3098500,24.190000534057617,23.489999771118164,23.489999771118164
20-05-2022,23.200000762939453,24.489999771118164,3981700,25.43000030517578,24.770000457763672,24.770000457763672
23-05-2022,23.299999237060547,24.07999992370605,2263900,24.90999984741211,24.040000915527344,24.040000915527344
24-05-2022,21.75,23.479999542236328,2305100,23.559999465942383,22.09000015258789,22.09000015258789
25-05-2022,22.15999984741211,22.15999984741211,2784500,23.790000915527344,23.6200008392334,23.6200008392334
26-05-2022,23.01000022888184,23.09000015258789,2680700,25.450000762939453,24.75,24.75
27-05-2022,25.0,25.0,3079700,27.18000030517578,26.96999931335449,26.96999931335449
31-05-2022,23.729999542236328,26.989999771118164,4954600,27.26000022888184,23.790000915527344,23.790000915527344
01-06-2022,23.399999618530277,24.100000381469727,5263000,25.26000022888184,24.63999938964844,24.63999938964844
02-06-2022,23.100000381469727,23.149999618530277,7157900,26.299999237060547,25.18000030517578,25.18000030517578
03-06-2022,23.4950008392334,24.850000381469727,4899700,24.850000381469727,23.90999984741211,23.90999984741211
06-06-2022,22.71999931335449,24.209999084472656,4406100,24.739999771118164,23.06999969482422,23.06999969482422
07-06-2022,22.690000534057617,22.799999237060547,3323900,24.700000762939453,24.25,24.25
08-06-2022,24.600000381469727,24.670000076293945,4042500,26.21999931335449,25.690000534057617,25.690000534057617
09-06-2022,24.229999542236328,25.15999984741211,3156900,26.1200008392334,24.40999984741211,24.40999984741211
10-06-2022,22.030000686645508,23.61000061035156,3696100,23.959999084472656,22.530000686645508,22.530000686645508
13-06-2022,20.030000686645508,21.38999938964844,6031100,21.799999237060547,21.13999938964844,21.13999938964844
14-06-2022,20.924999237060547,21.51000022888184,3858700,22.700000762939453,21.799999237060547,21.799999237060547
15-06-2022,21.32999992370605,22.059999465942383,6240400,23.020000457763672,22.100000381469727,22.100000381469727
16-06-2022,20.84000015258789,21.1200008392334,6713100,22.149999618530277,21.739999771118164,21.739999771118164
17-06-2022,21.65999984741211,21.850000381469727,13620100,23.440000534057617,23.270000457763672,23.270000457763672
21-06-2022,23.149999618530277,23.65999984741211,4873900,25.170000076293945,23.65999984741211,23.65999984741211
22-06-2022,22.88500022888184,22.920000076293945,3986100,24.26000022888184,23.32999992370605,23.32999992370605
23-06-2022,23.299999237060547,23.61000061035156,4455100,25.770000457763672,25.600000381469727,25.600000381469727
24-06-2022,25.21999931335449,25.600000381469727,13502200,26.649999618530277,26.489999771118164,26.489999771118164
27-06-2022,24.86000061035156,26.489999771118164,3657100,26.670000076293945,25.3799991607666,25.3799991607666
28-06-2022,24.32999992370605,25.25,3482700,25.840999603271484,24.71999931335449,24.71999931335449
29-06-2022,24.167999267578125,24.59000015258789,2170800,25.040000915527344,24.649999618530277,24.649999618530277
30-06-2022,23.030000686645508,24.38999938964844,3273600,24.38999938964844,23.32999992370605,23.32999992370605
01-07-2022,22.88999938964844,23.5,2377500,24.34000015258789,23.479999542236328,23.479999542236328
05-07-2022,22.600000381469727,23.1299991607666,3367200,25.25,25.190000534057617,25.190000534057617
06-07-2022,24.530000686645508,25.489999771118164,2439200,26.020000457763672,25.100000381469727,25.100000381469727
07-07-2022,24.940000534057617,25.01000022888184,2916200,26.2450008392334,26.190000534057617,26.190000534057617
08-07-2022,25.309999465942383,25.700000762939453,3022100,27.7189998626709,26.809999465942383,26.809999465942383
11-07-2022,25.540000915527344,27.40999984741211,3820100,28.0,26.280000686645508,26.280000686645508
12-07-2022,23.649999618530277,26.34000015258789,4236400,27.420000076293945,23.809999465942383,23.809999465942383
13-07-2022,22.5,23.01000022888184,3654200,24.26000022888184,23.799999237060547,23.799999237060547
14-07-2022,22.440000534057617,23.51000022888184,3335200,23.8799991607666,22.489999771118164,22.489999771118164
15-07-2022,22.690000534057617,22.96999931335449,6863600,23.86000061035156,23.84000015258789,23.84000015258789
18-07-2022,24.32999992370605,24.479999542236328,3609100,25.415000915527344,24.520000457763672,24.520000457763672
19-07-2022,24.18000030517578,24.82999992370605,2392000,25.229999542236328,25.020000457763672,25.020000457763672
20-07-2022,24.950000762939453,25.07999992370605,2232900,26.540000915527344,26.25,26.25
21-07-2022,25.38500022888184,26.0,1557100,26.56999969482422,26.479999542236328,26.479999542236328
22-07-2022,24.86000061035156,26.5,1666800,27.25,25.559999465942383,25.559999465942383
25-07-2022,24.280000686645508,25.3700008392334,1600000,25.3700008392334,24.6299991607666,24.6299991607666
26-07-2022,22.690000534057617,24.559999465942383,1921000,24.61000061035156,23.01000022888184,23.01000022888184
27-07-2022,23.46999931335449,23.739999771118164,1617400,24.68000030517578,24.530000686645508,24.530000686645508
28-07-2022,23.88999938964844,24.5,2055200,25.26000022888184,25.09000015258789,25.09000015258789
29-07-2022,24.32999992370605,25.09000015258789,1671800,25.399999618530277,24.850000381469727,24.850000381469727
01-08-2022,23.84000015258789,24.3700008392334,1704500,25.530000686645508,24.809999465942383,24.809999465942383
02-08-2022,24.450000762939453,24.46999931335449,2610600,25.709999084472656,25.200000762939453,25.200000762939453
03-08-2022,25.600000381469727,25.75,2667800,27.229999542236328,27.100000381469727,27.100000381469727
04-08-2022,25.649999618530277,26.84000015258789,2315100,27.040000915527344,26.26000022888184,26.26000022888184
05-08-2022,25.32999992370605,25.61000061035156,2112700,26.729999542236328,26.36000061035156,26.36000061035156
08-08-2022,26.399999618530277,26.450000762939453,3306900,28.479999542236328,27.26000022888184,27.26000022888184
09-08-2022,25.05500030517578,26.799999237060547,1958500,26.979999542236328,25.11000061035156,25.11000061035156
10-08-2022,26.6200008392334,26.6200008392334,3083500,28.170000076293945,28.11000061035156,28.11000061035156
11-08-2022,27.190000534057617,28.989999771118164,2516700,29.1200008392334,27.26000022888184,27.26000022888184
12-08-2022,26.899999618530277,27.520000457763672,1636500,28.06999969482422,28.040000915527344,28.040000915527344
15-08-2022,27.31999969482422,27.5,1963100,28.93000030517578,28.899999618530277,28.899999618530277
16-08-2022,27.799999237060547,29.200000762939453,3052700,29.84600067138672,28.6200008392334,28.6200008392334
17-08-2022,27.01000022888184,28.149999618530277,2191100,28.190000534057617,27.739999771118164,27.739999771118164
18-08-2022,27.11000061035156,27.56999969482422,1243500,28.26000022888184,27.82999992370605,27.82999992370605
19-08-2022,26.07999992370605,27.489999771118164,1951500,27.59000015258789,26.3799991607666,26.3799991607666
22-08-2022,25.378999710083008,25.920000076293945,2061200,26.26000022888184,26.209999084472656,26.209999084472656
23-08-2022,26.93400001525879,27.0,2627000,28.65999984741211,27.780000686645508,27.780000686645508
24-08-2022,27.5,27.700000762939453,2286100,29.09499931335449,28.399999618530277,28.399999618530277
25-08-2022,28.07999992370605,28.899999618530277,2656600,29.46999931335449,28.809999465942383,28.809999465942383
26-08-2022,27.5,28.76000022888184,1683700,28.82999992370605,27.76000022888184,27.76000022888184
29-08-2022,27.299999237060547,27.36000061035156,2418700,28.21999931335449,27.920000076293945,27.920000076293945
30-08-2022,27.299999237060547,28.25,2376400,28.76000022888184,27.8700008392334,27.8700008392334
31-08-2022,27.15999984741211,28.299999237060547,5900800,30.0,27.309999465942383,27.309999465942383
01-09-2022,23.600000381469727,27.790000915527344,8440000,27.88999938964844,25.700000762939453,25.700000762939453
02-09-2022,24.899999618530277,26.38999938964844,3970200,26.59000015258789,25.290000915527344,25.290000915527344
06-09-2022,24.51000022888184,25.399999618530277,2156000,25.68000030517578,25.0,25.0
07-09-2022,24.61000061035156,24.93000030517578,1973400,25.979999542236328,25.700000762939453,25.700000762939453
08-09-2022,25.309999465942383,25.31999969482422,2318400,26.989999771118164,26.6299991607666,26.6299991607666
09-09-2022,27.1200008392334,27.1200008392334,3106800,28.6299991607666,28.049999237060547,28.049999237060547
12-09-2022,28.32999992370605,28.38999938964844,2729000,29.440000534057617,29.32999992370605,29.32999992370605
13-09-2022,26.850000381469727,26.86000061035156,3164800,28.0,27.739999771118164,27.739999771118164
14-09-2022,27.15699958801269,27.690000534057617,2391800,28.200000762939453,28.01000022888184,28.01000022888184
15-09-2022,27.459999084472656,27.690000534057617,1964800,28.6299991607666,27.86000061035156,27.86000061035156
16-09-2022,26.11000061035156,27.059999465942383,6118200,27.11000061035156,26.46999931335449,26.46999931335449
19-09-2022,26.049999237060547,26.32999992370605,1699600,27.584999084472656,27.479999542236328,27.479999542236328
20-09-2022,26.665000915527344,27.21999931335449,1524400,27.700000762939453,26.950000762939453,26.950000762939453
21-09-2022,26.600000381469727,27.1200008392334,2010700,27.94499969482422,26.739999771118164,26.739999771118164
22-09-2022,24.86000061035156,26.549999237060547,2548300,26.989999771118164,24.88999938964844,24.88999938964844
23-09-2022,24.07999992370605,24.38999938964844,1680300,24.950000762939453,24.790000915527344,24.790000915527344
26-09-2022,24.700000762939453,24.700000762939453,1900500,25.8700008392334,25.270000457763672,25.270000457763672
27-09-2022,25.31999969482422,26.0,2178000,26.75,25.76000022888184,25.76000022888184
28-09-2022,25.600000381469727,25.739999771118164,1724800,26.65999984741211,26.530000686645508,26.530000686645508
29-09-2022,24.899999618530277,25.8799991607666,1884900,26.121999740600582,26.01000022888184,26.01000022888184
30-09-2022,25.270000457763672,25.899999618530277,2573900,26.6200008392334,25.559999465942383,25.559999465942383
03-10-2022,25.059999465942383,25.700000762939453,2586500,26.350000381469727,26.030000686645508,26.030000686645508
04-10-2022,26.780000686645508,26.82999992370605,2975600,28.13999938964844,27.6299991607666,27.6299991607666
05-10-2022,26.6299991607666,26.920000076293945,1698400,27.86000061035156,27.690000534057617,27.690000534057617
06-10-2022,27.520000457763672,27.549999237060547,1776100,28.59000015258789,27.68000030517578,27.68000030517578
07-10-2022,26.11000061035156,26.989999771118164,2024500,27.270000457763672,26.540000915527344,26.540000915527344
10-10-2022,23.670000076293945,26.489999771118164,3577900,26.700000762939453,24.09000015258789,24.09000015258789
11-10-2022,21.81999969482422,24.030000686645508,5859700,24.155000686645508,23.100000381469727,23.100000381469727
12-10-2022,21.809999465942383,23.100000381469727,3730700,23.209999084472656,22.450000762939453,22.450000762939453
13-10-2022,20.40999984741211,21.350000381469727,4646200,22.128999710083008,21.780000686645508,21.780000686645508
14-10-2022,20.290000915527344,22.200000762939453,3270600,22.440000534057617,20.71999931335449,20.71999931335449
17-10-2022,21.299999237060547,21.299999237060547,3920300,22.68000030517578,22.530000686645508,22.530000686645508
18-10-2022,22.59000015258789,23.51000022888184,2537000,23.770000457763672,22.93000030517578,22.93000030517578
19-10-2022,21.48500061035156,22.46999931335449,2220100,22.68000030517578,21.649999618530277,21.649999618530277
20-10-2022,21.799999237060547,21.799999237060547,2738400,23.13999938964844,22.68000030517578,22.68000030517578
21-10-2022,21.979999542236328,22.5,4148800,23.18000030517578,22.63999938964844,22.63999938964844
24-10-2022,21.81999969482422,22.5,1979600,22.71999931335449,22.36000061035156,22.36000061035156
25-10-2022,22.63999938964844,22.63999938964844,2293600,23.864999771118164,23.709999084472656,23.709999084472656
26-10-2022,22.43000030517578,22.989999771118164,2457100,24.71999931335449,23.57999992370605,23.57999992370605
27-10-2022,22.94099998474121,23.82999992370605,1846200,24.36000061035156,23.290000915527344,23.290000915527344
28-10-2022,22.670000076293945,23.049999237060547,2001500,23.700000762939453,23.420000076293945,23.420000076293945
31-10-2022,22.729999542236328,23.1299991607666,2291800,23.59000015258789,22.84000015258789,22.84000015258789
01-11-2022,22.200000762939453,23.190000534057617,1967900,24.200000762939453,22.200000762939453,22.200000762939453
02-11-2022,20.600000381469727,22.149999618530277,3500500,22.22599983215332,20.850000381469727,20.850000381469727
03-11-2022,19.8799991607666,20.59000015258789,4839500,21.1200008392334,19.979999542236328,19.979999542236328
04-11-2022,17.190000534057617,20.270000457763672,5978100,20.280000686645508,17.639999389648438,17.639999389648438
07-11-2022,16.010000228881836,17.780000686645508,6291300,17.940000534057617,16.639999389648438,16.639999389648438
08-11-2022,16.450000762939453,16.75,4496800,17.829999923706055,16.989999771118164,16.989999771118164
09-11-2022,15.43000030517578,16.530000686645508,4913800,16.600000381469727,15.460000038146973,15.460000038146973
10-11-2022,16.940000534057617,17.1299991607666,7001900,18.38999938964844,17.799999237060547,17.799999237060547
11-11-2022,17.65999984741211,17.799999237060547,6237600,19.690000534057617,19.049999237060547,19.049999237060547
14-11-2022,17.780000686645508,18.8799991607666,5228700,19.0,18.21999931335449,18.21999931335449
15-11-2022,18.780000686645508,19.299999237060547,5658800,19.799999237060547,19.299999237060547,19.299999237060547
16-11-2022,17.21500015258789,18.790000915527344,4419900,19.049999237060547,17.43000030517578,17.43000030517578
17-11-2022,16.649999618530273,16.959999084472656,3436200,17.510000228881836,16.90999984741211,16.90999984741211
18-11-2022,16.600000381469727,17.709999084472656,2326900,17.709999084472656,16.639999389648438,16.639999389648438
21-11-2022,15.979999542236328,16.3700008392334,2101500,16.584999084472656,16.18000030517578,16.18000030517578
22-11-2022,15.600000381469728,16.0,2731000,16.344999313354492,16.329999923706055,16.329999923706055
23-11-2022,16.010000228881836,16.350000381469727,2099300,16.770000457763672,16.479999542236328,16.479999542236328
25-11-2022,16.18000030517578,16.309999465942383,789300,16.469999313354492,16.31999969482422,16.31999969482422
28-11-2022,15.75,16.09000015258789,2641400,16.239999771118164,16.059999465942383,16.059999465942383
29-11-2022,15.350000381469728,16.020000457763672,2786600,16.190000534057617,15.449999809265137,15.449999809265137
30-11-2022,13.270000457763672,14.289999961853027,10345300,14.630000114440918,14.5,14.5
01-12-2022,14.585000038146973,14.619999885559082,5568000,15.68000030517578,15.029999732971191,15.029999732971191
02-12-2022,14.15999984741211,14.489999771118164,5189100,14.800000190734863,14.779999732971191,14.779999732971191
05-12-2022,14.050000190734863,14.619999885559082,5769000,14.979999542236328,14.25,14.25
06-12-2022,13.744999885559082,14.25,7330000,14.579999923706056,14.100000381469728,14.100000381469728
07-12-2022,12.800000190734863,14.010000228881836,8643500,14.640000343322754,13.970000267028809,13.970000267028809
08-12-2022,13.779999732971191,14.020000457763672,8132700,15.460000038146973,15.239999771118164,15.239999771118164
09-12-2022,15.100000381469728,15.100000381469728,3679200,15.770000457763672,15.369999885559082,15.369999885559082
12-12-2022,15.371000289916992,15.380000114440918,1109650,16.100000381469727,15.954999923706056,15.954999923706056
