Date,Low,Open,Volume,High,Close,Adjusted_Close
02-06-1995,0.65625,0.75,14915200,0.75,0.671875,0.5741075873374939
05-06-1995,0.6367189884185791,0.671875,4787200,0.6796879768371582,0.640625,0.5474047660827637
06-06-1995,0.640625,0.65625,4769600,0.6640629768371582,0.640625,0.5474047660827637
07-06-1995,0.609375,0.640625,4793600,0.640625,0.640625,0.5474047660827637
08-06-1995,0.625,0.640625,7235200,0.703125,0.703125,0.6008100509643555
09-06-1995,0.6875,0.703125,4771200,0.71875,0.703125,0.6008100509643555
12-06-1995,0.6875,0.71875,4409600,0.71875,0.71875,0.6141616702079773
13-06-1995,0.6875,0.71875,2212800,0.71875,0.6875,0.5874588489532471
14-06-1995,0.6875,0.703125,4632000,0.703125,0.6875,0.5874588489532471
15-06-1995,0.6875,0.703125,896000,0.703125,0.6914060115814209,0.5907965898513794
16-06-1995,0.6875,0.6875,388800,0.703125,0.6875,0.5874588489532471
19-06-1995,0.6875,0.703125,374400,0.703125,0.6914060115814209,0.5907965898513794
20-06-1995,0.6875,0.6875,201600,0.703125,0.6875,0.5874588489532471
21-06-1995,0.6875,0.6875,481600,0.703125,0.703125,0.6008100509643555
22-06-1995,0.6875,0.703125,5576000,0.703125,0.703125,0.6008100509643555
23-06-1995,0.6875,0.6923829913139343,2844800,0.75,0.75,0.6408643126487732
26-06-1995,0.703125,0.703125,825600,0.75,0.71875,0.6141616702079773
27-06-1995,0.703125,0.75,1020800,0.75,0.75,0.6408643126487732
28-06-1995,0.703125,0.703125,193600,0.75,0.75,0.6408643126487732
29-06-1995,0.703125,0.75,104000,0.75,0.75,0.6408643126487732
30-06-1995,0.75,0.75,14400,0.75,0.75,0.6408643126487732
03-07-1995,0.75,0.75,32000,0.75,0.75,0.6408643126487732
05-07-1995,0.71875,0.71875,417600,0.8125,0.78125,0.6675668358802795
06-07-1995,0.78125,0.78125,691200,0.828125,0.828125,0.7076207995414734
07-07-1995,0.796875,0.796875,1740800,0.890625,0.859375,0.7343235611915588
10-07-1995,0.859375,0.875,1068800,0.90625,0.875,0.7476747632026672
11-07-1995,0.8125,0.90625,432000,0.90625,0.8125,0.6942694187164307
12-07-1995,0.84375,0.84375,708800,0.875,0.875,0.7476747632026672
13-07-1995,0.84375,0.875,337600,0.875,0.875,0.7476747632026672
14-07-1995,0.875,0.875,513600,0.890625,0.890625,0.7610263824462891
17-07-1995,0.859375,0.859375,60800,0.890625,0.890625,0.7610263824462891
18-07-1995,0.828125,0.890625,192000,0.890625,0.875,0.7476747632026672
19-07-1995,0.796875,0.875,332800,0.875,0.828125,0.7076207995414734
20-07-1995,0.828125,0.828125,0,0.828125,0.828125,0.7076207995414734
21-07-1995,0.796875,0.828125,176000,0.828125,0.8007810115814209,0.6842559576034546
24-07-1995,0.78125,0.78125,3200,0.828125,0.828125,0.7076207995414734
25-07-1995,0.796875,0.828125,46400,0.828125,0.796875,0.6809180974960327
26-07-1995,0.796875,0.828125,187200,0.84375,0.84375,0.7209721207618713
27-07-1995,0.828125,0.84375,979200,0.890625,0.890625,0.7610263824462891
28-07-1995,0.890625,0.890625,9600,0.90625,0.90625,0.7743775844573975
31-07-1995,0.859375,0.859375,89600,0.90625,0.859375,0.7343235611915588
01-08-1995,0.90625,0.90625,9600,0.90625,0.90625,0.7743775844573975
02-08-1995,0.859375,0.90625,38400,0.90625,0.859375,0.7343235611915588
03-08-1995,0.859375,0.859375,59200,0.90625,0.90625,0.7743775844573975
04-08-1995,0.859375,0.859375,11200,0.859375,0.859375,0.7343235611915588
07-08-1995,0.859375,0.890625,14400,0.890625,0.859375,0.7343235611915588
08-08-1995,0.859375,0.859375,216000,0.890625,0.890625,0.7610263824462891
09-08-1995,0.859375,0.890625,182400,0.890625,0.859375,0.7343235611915588
10-08-1995,0.890625,0.890625,9600,0.890625,0.890625,0.7610263824462891
11-08-1995,0.859375,0.859375,8000,0.890625,0.890625,0.7610263824462891
14-08-1995,0.859375,0.890625,107200,0.890625,0.8789060115814209,0.7510126233100891
15-08-1995,0.890625,0.890625,4800,0.890625,0.890625,0.7610263824462891
16-08-1995,0.890625,0.890625,8000,0.890625,0.890625,0.7610263824462891
17-08-1995,0.859375,0.890625,99200,0.890625,0.890625,0.7610263824462891
18-08-1995,0.859375,0.859375,257600,0.890625,0.859375,0.7343235611915588
21-08-1995,0.875,0.890625,401600,0.890625,0.875,0.7476747632026672
22-08-1995,0.890625,0.9375,2531200,0.9375,0.9375,0.8010802268981934
23-08-1995,0.9140629768371582,0.9375,928000,0.9375,0.9375,0.8010802268981934
24-08-1995,0.890625,0.9375,9324800,0.9375,0.890625,0.7610263824462891
25-08-1995,0.890625,0.9375,86400,0.9375,0.9375,0.8010802268981934
28-08-1995,0.890625,0.9375,65600,0.9375,0.890625,0.7610263824462891
29-08-1995,0.890625,0.9375,784000,0.9375,0.9375,0.8010802268981934
30-08-1995,0.890625,0.890625,33600,0.9375,0.9375,0.8010802268981934
31-08-1995,0.9375,0.9375,27200,0.9375,0.9375,0.8010802268981934
01-09-1995,0.9375,0.9375,75200,0.9375,0.9375,0.8010802268981934
05-09-1995,0.890625,0.890625,38400,0.9375,0.9375,0.8010802268981934
06-09-1995,0.890625,0.9375,1896000,0.96875,0.96875,0.8277829885482788
07-09-1995,0.921875,0.921875,769600,0.984375,0.984375,0.8411341905593872
08-09-1995,0.96875,0.984375,2222400,1.0,1.0,0.8544856905937195
11-09-1995,0.984375,1.0,1158400,1.015625,1.015625,0.8678367733955383
12-09-1995,0.96875,0.96875,427200,1.03125,1.03125,0.881188154220581
13-09-1995,1.015625,1.015625,6400,1.015625,1.015625,0.8678367733955383
14-09-1995,0.984375,1.015625,452800,1.046875,1.046875,0.8945394158363342
15-09-1995,1.0,1.046875,51200,1.046875,1.046875,0.8945394158363342
18-09-1995,1.0,1.046875,30400,1.046875,1.046875,0.8945394158363342
19-09-1995,1.0,1.046875,2232000,1.09375,1.09375,0.9345934391021729
20-09-1995,1.0625,1.0625,4377600,1.09375,1.09375,0.9345934391021729
21-09-1995,1.0625,1.0625,132800,1.125,1.125,0.961296319961548
22-09-1995,1.0625,1.0625,24000,1.125,1.125,0.961296319961548
25-09-1995,1.0625,1.0625,80000,1.125,1.109375,0.9479447603225708
26-09-1995,1.0625,1.125,80000,1.125,1.109375,0.9479447603225708
27-09-1995,1.0625,1.0625,152000,1.0625,1.0625,0.907891035079956
28-09-1995,1.0625,1.0625,284800,1.109375,1.0703129768371582,0.9145669937133788
29-09-1995,1.078125,1.078125,209600,1.109375,1.109375,0.9479447603225708
02-10-1995,1.0625,1.0625,17600,1.109375,1.109375,0.9479447603225708
03-10-1995,1.0625,1.09375,3403200,1.109375,1.0625,0.907891035079956
04-10-1995,1.03125,1.0625,5144000,1.0703129768371582,1.03125,0.881188154220581
05-10-1995,0.984375,1.03125,334400,1.046875,0.984375,0.8411341905593872
06-10-1995,0.953125,0.984375,329600,1.015625,0.96875,0.8277829885482788
09-10-1995,0.9375,1.015625,129600,1.015625,0.96875,0.8277829885482788
10-10-1995,0.890625,0.921875,379200,0.96875,0.90625,0.7743775844573975
11-10-1995,0.875,0.875,163200,0.921875,0.8984379768371582,0.7677024602890015
12-10-1995,0.8828129768371582,0.921875,206400,0.921875,0.8984379768371582,0.7677024602890015
13-10-1995,0.859375,0.921875,620800,0.921875,0.859375,0.7343235611915588
16-10-1995,0.859375,0.90625,846400,0.90625,0.859375,0.7343235611915588
17-10-1995,0.859375,0.90625,641600,0.90625,0.859375,0.7343235611915588
18-10-1995,0.8828129768371582,0.890625,892800,0.90625,0.8828129768371582,0.7543510794639587
19-10-1995,0.875,0.90625,1720000,0.90625,0.90625,0.7743775844573975
20-10-1995,0.90625,0.90625,20800,0.90625,0.90625,0.7743775844573975
23-10-1995,0.875,0.890625,30400,0.9375,0.9375,0.8010802268981934
24-10-1995,0.90625,0.9375,411200,1.0,1.0,0.8544856905937195
25-10-1995,0.96875,1.0,116800,1.015625,1.015625,0.8678367733955383
26-10-1995,0.96875,0.96875,17600,1.0,1.0,0.8544856905937195
27-10-1995,0.96875,0.96875,64000,0.96875,0.96875,0.8277829885482788
30-10-1995,0.953125,0.953125,11200,0.953125,0.953125,0.8144315481185913
31-10-1995,0.9375,0.9375,32000,0.9375,0.9375,0.8010802268981934
01-11-1995,0.9375,0.9375,107200,1.0,1.0,0.8544856905937195
02-11-1995,0.9375,0.9765629768371582,608000,0.9765629768371582,0.9375,0.8010802268981934
03-11-1995,0.953125,1.0,57600,1.0,0.96875,0.8277829885482788
06-11-1995,0.953125,0.96875,3225600,1.0,1.0,0.8544856905937195
07-11-1995,0.984375,0.984375,99200,1.0,1.0,0.8544856905937195
08-11-1995,1.0,1.0,83200,1.0,1.0,0.8544856905937195
09-11-1995,0.9375,0.9375,3200,0.9375,0.9375,0.8010802268981934
10-11-1995,1.0,1.0,3200,1.0,1.0,0.8544856905937195
13-11-1995,0.9375,0.9375,30400,0.9375,0.9375,0.8010802268981934
14-11-1995,0.9375,1.0,36800,1.0,0.9375,0.8010802268981934
15-11-1995,0.9375,0.9375,1600,0.9375,0.9375,0.8010802268981934
16-11-1995,1.0,1.0,8000,1.0,1.0,0.8544856905937195
17-11-1995,1.0,1.0,16000,1.0,1.0,0.8544856905937195
20-11-1995,0.859375,0.9375,974400,0.9414060115814208,0.921875,0.7877288460731506
21-11-1995,0.75,0.921875,3339200,0.921875,0.828125,0.7076207995414734
22-11-1995,0.828125,0.84375,2400000,0.90625,0.859375,0.7343235611915588
24-11-1995,0.90625,0.90625,1600,0.90625,0.90625,0.7743775844573975
27-11-1995,0.84375,0.859375,270400,0.90625,0.84375,0.7209721207618713
28-11-1995,0.84375,0.84375,68800,0.90625,0.84375,0.7209721207618713
29-11-1995,0.84375,0.90625,2116800,0.90625,0.890625,0.7610263824462891
30-11-1995,0.875,0.875,1398400,0.90625,0.890625,0.7610263824462891
01-12-1995,0.84375,0.90625,11200,0.90625,0.84375,0.7209721207618713
04-12-1995,0.84375,0.84375,604800,0.90625,0.84375,0.7209721207618713
05-12-1995,0.8125,0.828125,334400,0.875,0.875,0.7476747632026672
06-12-1995,0.8125,0.8125,152000,0.8125,0.8125,0.6942694187164307
07-12-1995,0.8125,0.875,27200,0.875,0.8125,0.6942694187164307
08-12-1995,0.8125,0.8125,376000,0.875,0.8125,0.6942694187164307
11-12-1995,0.8125,0.875,150400,0.875,0.828125,0.7076207995414734
12-12-1995,0.8125,0.8125,329600,0.875,0.84375,0.7209721207618713
13-12-1995,0.75,0.8125,1412800,0.8203129768371582,0.796875,0.6809180974960327
14-12-1995,0.75,0.796875,1313600,0.796875,0.78125,0.6675668358802795
15-12-1995,0.75,0.765625,395200,0.796875,0.7578129768371582,0.6475403904914856
18-12-1995,0.65625,0.796875,1806400,0.796875,0.6640629768371582,0.5674321055412292
19-12-1995,0.65625,0.6855469942092896,670400,0.71875,0.65625,0.5607560276985168
20-12-1995,0.65625,0.71875,5107200,0.71875,0.71875,0.6141616702079773
21-12-1995,0.671875,0.71875,1656000,0.796875,0.796875,0.6809180974960327
22-12-1995,0.7890629768371582,0.796875,265600,0.796875,0.796875,0.6809180974960327
26-12-1995,0.734375,0.796875,209600,0.796875,0.734375,0.6275127530097961
27-12-1995,0.796875,0.796875,1600,0.796875,0.796875,0.6809180974960327
28-12-1995,0.75,0.796875,1139200,0.8125,0.796875,0.6809180974960327
29-12-1995,0.75,0.8125,78400,0.8125,0.8125,0.6942694187164307
02-01-1996,0.75,0.8125,980800,0.8125,0.75,0.6408643126487732
03-01-1996,0.75,0.75,1232000,0.8125,0.765625,0.6542158722877502
04-01-1996,0.8125,0.8125,14400,0.8125,0.8125,0.6942694187164307
05-01-1996,0.75,0.8125,51200,0.8125,0.75,0.6408643126487732
08-01-1996,0.8125,0.8125,1600,0.8125,0.8125,0.6942694187164307
09-01-1996,0.8125,0.8125,3515200,0.875,0.875,0.7476747632026672
10-01-1996,0.859375,0.875,25600,0.875,0.859375,0.7343235611915588
11-01-1996,0.8125,0.875,211200,0.875,0.875,0.7476747632026672
12-01-1996,0.84375,0.875,230400,0.875,0.84375,0.7209721207618713
15-01-1996,0.84375,0.84375,524800,0.859375,0.859375,0.7343235611915588
16-01-1996,0.8125,0.8691409826278687,128000,0.875,0.8125,0.6942694187164307
17-01-1996,0.8125,0.8125,828800,0.859375,0.84375,0.7209721207618713
18-01-1996,0.875,0.875,22400,0.875,0.875,0.7476747632026672
19-01-1996,0.8125,0.875,25600,0.875,0.8125,0.6942694187164307
22-01-1996,0.8125,0.875,41600,0.875,0.875,0.7476747632026672
23-01-1996,0.875,0.875,6400,0.875,0.875,0.7476747632026672
24-01-1996,0.8125,0.875,217600,0.875,0.875,0.7476747632026672
25-01-1996,0.8125,0.875,1278400,0.875,0.8125,0.6942694187164307
26-01-1996,0.8125,0.875,121600,0.875,0.8203129768371582,0.7009457945823669
29-01-1996,0.828125,0.828125,284800,0.875,0.875,0.7476747632026672
30-01-1996,0.828125,0.875,120000,0.875,0.828125,0.7076207995414734
31-01-1996,0.828125,0.875,46400,0.875,0.828125,0.7076207995414734
01-02-1996,0.828125,0.875,54400,0.875,0.875,0.7476747632026672
02-02-1996,0.828125,0.875,216000,0.875,0.828125,0.7076207995414734
05-02-1996,0.828125,0.859375,102400,0.875,0.875,0.7476747632026672
06-02-1996,0.828125,0.828125,134400,0.875,0.875,0.7476747632026672
07-02-1996,0.828125,0.828125,236800,0.875,0.828125,0.7076207995414734
08-02-1996,0.828125,0.875,116800,0.875,0.828125,0.7076207995414734
09-02-1996,0.828125,0.828125,326400,0.875,0.828125,0.7076207995414734
12-02-1996,0.78125,0.8125,155200,0.8125,0.78125,0.6675668358802795
13-02-1996,0.71875,0.75,3276800,0.78125,0.78125,0.6675668358802795
14-02-1996,0.734375,0.78125,1576000,0.78125,0.75,0.6408643126487732
15-02-1996,0.703125,0.734375,406400,0.78125,0.7421879768371582,0.6341887712478638
16-02-1996,0.703125,0.75,169600,0.765625,0.7421879768371582,0.6341887712478638
20-02-1996,0.703125,0.765625,118400,0.765625,0.703125,0.6008100509643555
21-02-1996,0.703125,0.703125,70400,0.71875,0.703125,0.6008100509643555
22-02-1996,0.625,0.765625,352000,0.765625,0.6640629768371582,0.5674321055412292
23-02-1996,0.625,0.671875,1764800,0.671875,0.671875,0.5741075873374939
26-02-1996,0.625,0.671875,457600,0.671875,0.671875,0.5741075873374939
27-02-1996,0.625,0.625,57600,0.671875,0.671875,0.5741075873374939
28-02-1996,0.671875,0.6875,424000,0.703125,0.6953129768371582,0.5941348075866699
29-02-1996,0.6484379768371582,0.703125,3638400,0.703125,0.671875,0.5741075873374939
01-03-1996,0.65625,0.65625,312000,0.71875,0.65625,0.5607560276985168
04-03-1996,0.6953129768371582,0.71875,860800,0.75,0.7265629768371582,0.6208376884460449
05-03-1996,0.703125,0.7421879768371582,123200,0.75,0.7421879768371582,0.6341887712478638
06-03-1996,0.734375,0.7421879768371582,3032000,0.75,0.75,0.6408643126487732
07-03-1996,0.734375,0.75,1787200,0.75,0.7421879768371582,0.6341887712478638
08-03-1996,0.734375,0.734375,702400,0.75,0.7421879768371582,0.6341887712478638
11-03-1996,0.703125,0.703125,56000,0.75,0.75,0.6408643126487732
12-03-1996,0.7109379768371582,0.75,288000,0.75,0.75,0.6408643126487732
13-03-1996,0.7109379768371582,0.7109379768371582,1992000,0.75,0.75,0.6408643126487732
14-03-1996,0.703125,0.75,217600,0.75,0.71875,0.6141616702079773
15-03-1996,0.703125,0.75,588800,0.75,0.734375,0.6275127530097961
18-03-1996,0.703125,0.7265629768371582,737600,0.75,0.703125,0.6008100509643555
19-03-1996,0.703125,0.703125,102400,0.75,0.75,0.6408643126487732
20-03-1996,0.734375,0.734375,755200,0.75,0.75,0.6408643126487732
21-03-1996,0.703125,0.75,1276800,0.859375,0.859375,0.7343235611915588
22-03-1996,0.828125,0.859375,1144000,0.890625,0.890625,0.7610263824462891
25-03-1996,0.828125,0.890625,2024000,0.890625,0.828125,0.7076207995414734
26-03-1996,0.828125,0.828125,164800,0.875,0.8515629768371582,0.7276482582092285
27-03-1996,0.828125,0.875,1656000,0.875,0.875,0.7476747632026672
28-03-1996,0.84375,0.875,224000,0.875,0.875,0.7476747632026672
29-03-1996,0.828125,0.875,115200,0.875,0.828125,0.7076207995414734
01-04-1996,0.828125,0.8359379768371582,864000,0.875,0.875,0.7476747632026672
02-04-1996,0.828125,0.875,120000,0.875,0.828125,0.7076207995414734
03-04-1996,0.828125,0.890625,76800,0.890625,0.875,0.7476747632026672
04-04-1996,0.828125,0.875,184000,0.875,0.828125,0.7076207995414734
08-04-1996,0.828125,0.890625,19200,0.890625,0.875,0.7476747632026672
09-04-1996,0.828125,0.875,217600,0.890625,0.828125,0.7076207995414734
10-04-1996,0.828125,0.8359379768371582,1478400,0.875,0.875,0.7476747632026672
11-04-1996,0.84375,0.875,1067200,0.890625,0.890625,0.7610263824462891
12-04-1996,0.875,0.890625,281600,0.90625,0.90625,0.7743775844573975
15-04-1996,0.859375,0.90625,43200,0.90625,0.859375,0.7343235611915588
16-04-1996,0.859375,0.859375,172800,0.90625,0.8828129768371582,0.7543510794639587
17-04-1996,0.8828129768371582,0.8828129768371582,0,0.8828129768371582,0.8828129768371582,0.7543510794639587
18-04-1996,0.859375,0.859375,30400,0.859375,0.859375,0.7343235611915588
19-04-1996,0.84375,0.90625,156800,0.90625,0.84375,0.7209721207618713
22-04-1996,0.84375,0.90625,91200,0.90625,0.84375,0.7209721207618713
23-04-1996,0.84375,0.90625,76800,0.90625,0.90625,0.7743775844573975
24-04-1996,0.84375,0.84375,20800,0.90625,0.90625,0.7743775844573975
25-04-1996,0.84375,0.84375,142400,0.890625,0.84375,0.7209721207618713
26-04-1996,0.78125,0.875,544000,0.875,0.78125,0.6675668358802795
29-04-1996,0.796875,0.84375,108800,0.859375,0.859375,0.7343235611915588
30-04-1996,0.78125,0.859375,193600,0.859375,0.78125,0.6675668358802795
01-05-1996,0.78125,0.828125,1603200,0.828125,0.78125,0.6675668358802795
02-05-1996,0.78125,0.78125,529600,0.828125,0.78125,0.6675668358802795
03-05-1996,0.78125,0.78125,54400,0.828125,0.828125,0.7076207995414734
06-05-1996,0.78125,0.828125,137600,0.828125,0.8046879768371582,0.6875942945480347
07-05-1996,0.78125,0.828125,192000,0.828125,0.78125,0.6675668358802795
08-05-1996,0.78125,0.78125,184000,0.84375,0.8359379768371582,0.7142968773841858
09-05-1996,0.796875,0.84375,65600,0.84375,0.84375,0.7209721207618713
10-05-1996,0.828125,0.84375,155200,0.859375,0.84375,0.7209721207618713
13-05-1996,0.875,0.890625,254400,0.9375,0.9375,0.8010802268981934
14-05-1996,0.875,0.875,404800,0.9375,0.9375,0.8010802268981934
15-05-1996,0.890625,0.890625,875200,1.0,1.0,0.8544856905937195
16-05-1996,0.9375,0.9375,86400,1.0,1.0,0.8544856905937195
17-05-1996,1.0,1.0,334400,1.109375,1.109375,0.9479447603225708
20-05-1996,1.03125,1.0625,240000,1.0703129768371582,1.0703129768371582,0.9145669937133788
21-05-1996,1.03125,1.03125,467200,1.078125,1.0390629768371582,0.887864351272583
22-05-1996,1.0234379768371582,1.03125,700800,1.078125,1.078125,0.9212422370910645
23-05-1996,1.078125,1.078125,0,1.078125,1.078125,0.9212422370910645
24-05-1996,1.015625,1.015625,268800,1.078125,1.03125,0.881188154220581
28-05-1996,1.015625,1.03125,350400,1.078125,1.0625,0.907891035079956
29-05-1996,1.015625,1.015625,99200,1.015625,1.015625,0.8678367733955383
30-05-1996,1.078125,1.078125,1600,1.078125,1.078125,0.9212422370910645
31-05-1996,1.015625,1.015625,57600,1.078125,1.078125,0.9212422370910645
03-06-1996,1.015625,1.078125,6400,1.078125,1.078125,0.9212422370910645
04-06-1996,1.015625,1.078125,44800,1.078125,1.015625,0.8678367733955383
05-06-1996,1.015625,1.015625,763200,1.03125,1.03125,0.881188154220581
06-06-1996,1.015625,1.015625,17600,1.0625,1.0625,0.907891035079956
07-06-1996,0.9375,1.0,204800,1.0,0.953125,0.8144315481185913
10-06-1996,0.953125,0.984375,182400,1.0,0.953125,0.8144315481185913
11-06-1996,0.90625,0.96875,660800,0.96875,0.90625,0.7743775844573975
12-06-1996,0.953125,0.953125,9472000,1.125,1.0,0.8544856905937195
13-06-1996,1.015625,1.0625,1057600,1.078125,1.015625,0.8678367733955383
14-06-1996,1.015625,1.078125,41600,1.078125,1.015625,0.8678367733955383
17-06-1996,1.015625,1.015625,424000,1.0625,1.0625,0.907891035079956
18-06-1996,1.015625,1.078125,94400,1.078125,1.015625,0.8678367733955383
19-06-1996,1.015625,1.078125,54400,1.078125,1.015625,0.8678367733955383
20-06-1996,1.0,1.015625,187200,1.046875,1.0,0.8544856905937195
21-06-1996,1.0,1.046875,57600,1.046875,1.046875,0.8945394158363342
24-06-1996,1.0,1.0,54400,1.046875,1.046875,0.8945394158363342
25-06-1996,1.0,1.0,43200,1.0,1.0,0.8544856905937195
26-06-1996,1.0,1.0,112000,1.046875,1.0,0.8544856905937195
27-06-1996,1.0,1.046875,91200,1.046875,1.0,0.8544856905937195
28-06-1996,0.96875,1.0,348800,1.0390629768371582,0.96875,0.8277829885482788
01-07-1996,0.96875,1.015625,515200,1.015625,1.015625,0.8678367733955383
02-07-1996,0.984375,0.984375,99200,1.03125,1.03125,0.881188154220581
03-07-1996,0.984375,0.984375,3200,0.984375,0.984375,0.8411341905593872
05-07-1996,1.046875,1.046875,1600,1.046875,1.046875,0.8945394158363342
08-07-1996,1.046875,1.046875,0,1.046875,1.046875,0.8945394158363342
09-07-1996,1.015625,1.0625,729600,1.0625,1.015625,0.8678367733955383
10-07-1996,1.015625,1.015625,409600,1.0390629768371582,1.0390629768371582,0.887864351272583
11-07-1996,1.0,1.0625,123200,1.0625,1.0625,0.907891035079956
12-07-1996,1.0625,1.0625,3200,1.0625,1.0625,0.907891035079956
15-07-1996,1.0,1.0625,168000,1.0625,1.0625,0.907891035079956
16-07-1996,1.0,1.0,132800,1.0625,1.0,0.8544856905937195
17-07-1996,1.0,1.0625,118400,1.0625,1.0,0.8544856905937195
18-07-1996,1.0,1.0625,203200,1.0625,1.0625,0.907891035079956
19-07-1996,1.0625,1.0625,8000,1.0625,1.0625,0.907891035079956
22-07-1996,1.0,1.0,67200,1.046875,1.046875,0.8945394158363342
23-07-1996,0.96875,1.0,64000,1.015625,0.96875,0.8277829885482788
24-07-1996,0.921875,0.96875,244800,0.96875,0.96875,0.8277829885482788
25-07-1996,0.9375,0.96875,251200,0.96875,0.96875,0.8277829885482788
26-07-1996,0.9375,0.9375,11200,0.984375,0.9375,0.8010802268981934
29-07-1996,0.984375,0.984375,14400,0.984375,0.984375,0.8411341905593872
30-07-1996,0.9453129768371582,0.984375,113600,0.984375,0.9453129768371582,0.8077563047409058
31-07-1996,1.0,1.0,1600,1.0,1.0,0.8544856905937195
01-08-1996,0.9375,1.0,139200,1.0,1.0,0.8544856905937195
02-08-1996,0.9375,1.0,81600,1.0,1.0,0.8544856905937195
05-08-1996,1.0,1.0,3200,1.0,1.0,0.8544856905937195
06-08-1996,0.9375,1.0,275200,1.0,0.96875,0.8277829885482788
07-08-1996,0.9375,1.0,36800,1.0,0.984375,0.8411341905593872
08-08-1996,0.90625,0.9375,200000,0.96875,0.90625,0.7743775844573975
09-08-1996,0.921875,0.921875,2104000,1.03125,1.0234379768371582,0.8745129108428955
12-08-1996,0.96875,1.03125,91200,1.03125,1.03125,0.881188154220581
13-08-1996,1.0,1.0625,232000,1.0625,1.0625,0.907891035079956
14-08-1996,1.03125,1.0625,443200,1.09375,1.078125,0.9212422370910645
15-08-1996,1.0546879768371582,1.0546879768371582,363200,1.1328129768371582,1.1328129768371582,0.9679725170135498
16-08-1996,1.125,1.125,1428800,1.21875,1.21875,1.041404128074646
19-08-1996,1.203125,1.21875,1235200,1.328125,1.265625,1.0814584493637085
20-08-1996,1.234375,1.328125,886400,1.328125,1.296875,1.1081608533859253
21-08-1996,1.234375,1.28125,558400,1.28125,1.234375,1.0547558069229126
22-08-1996,1.234375,1.234375,601600,1.25,1.25,1.0681072473526
23-08-1996,1.1875,1.234375,1131200,1.25,1.191406011581421,1.018039345741272
26-08-1996,1.1875,1.234375,132800,1.234375,1.234375,1.0547558069229126
27-08-1996,1.1875,1.1875,121600,1.1875,1.1875,1.01470148563385
28-08-1996,1.1875,1.1875,33600,1.234375,1.2265629768371582,1.048080325126648
29-08-1996,1.1875,1.1875,70400,1.234375,1.234375,1.0547558069229126
30-08-1996,1.203125,1.203125,8000,1.203125,1.203125,1.0280529260635376
03-09-1996,1.203125,1.203125,1928000,1.265625,1.234375,1.0547558069229126
04-09-1996,1.203125,1.25,9600,1.25,1.203125,1.0280529260635376
05-09-1996,1.203125,1.203125,80000,1.265625,1.21875,1.041404128074646
06-09-1996,1.265625,1.265625,4800,1.265625,1.265625,1.0814584493637085
09-09-1996,1.203125,1.203125,393600,1.296875,1.296875,1.1081608533859253
10-09-1996,1.234375,1.296875,374400,1.296875,1.234375,1.0547558069229126
11-09-1996,1.234375,1.296875,17600,1.296875,1.234375,1.0547558069229126
12-09-1996,1.234375,1.296875,6400,1.296875,1.234375,1.0547558069229126
13-09-1996,1.234375,1.296875,54400,1.296875,1.234375,1.0547558069229126
16-09-1996,1.234375,1.234375,84800,1.296875,1.296875,1.1081608533859253
17-09-1996,1.234375,1.296875,17600,1.296875,1.234375,1.0547558069229126
18-09-1996,1.234375,1.234375,41600,1.25,1.25,1.0681072473526
19-09-1996,1.234375,1.25,792000,1.296875,1.296875,1.1081608533859253
20-09-1996,1.234375,1.234375,48000,1.234375,1.234375,1.0547558069229126
23-09-1996,1.234375,1.296875,65600,1.296875,1.234375,1.0547558069229126
24-09-1996,1.234375,1.234375,1225600,1.28125,1.234375,1.0547558069229126
25-09-1996,1.234375,1.234375,32000,1.28125,1.234375,1.0547558069229126
26-09-1996,1.234375,1.234375,9600,1.234375,1.234375,1.0547558069229126
27-09-1996,1.234375,1.234375,20800,1.2734379768371582,1.234375,1.0547558069229126
30-09-1996,1.234375,1.234375,28800,1.234375,1.234375,1.0547558069229126
01-10-1996,1.234375,1.234375,51200,1.28125,1.28125,1.0948095321655271
02-10-1996,1.234375,1.234375,80000,1.2421879768371582,1.234375,1.0547558069229126
03-10-1996,1.21875,1.234375,345600,1.28125,1.21875,1.041404128074646
04-10-1996,1.21875,1.21875,96000,1.265625,1.265625,1.0814584493637085
07-10-1996,1.21875,1.21875,75200,1.21875,1.21875,1.041404128074646
08-10-1996,1.21875,1.21875,51200,1.21875,1.21875,1.041404128074646
09-10-1996,1.203125,1.203125,454400,1.25,1.203125,1.0280529260635376
10-10-1996,1.203125,1.25,126400,1.25,1.203125,1.0280529260635376
11-10-1996,1.203125,1.203125,9600,1.203125,1.203125,1.0280529260635376
14-10-1996,1.203125,1.203125,57600,1.25,1.25,1.0681072473526
15-10-1996,1.203125,1.203125,264000,1.25,1.203125,1.0280529260635376
16-10-1996,1.203125,1.203125,334400,1.25,1.203125,1.0280529260635376
17-10-1996,1.0625,1.1875,3145600,1.21875,1.140625,0.9746476411819458
18-10-1996,1.09375,1.09375,97600,1.09375,1.09375,0.9345934391021729
21-10-1996,1.046875,1.09375,294400,1.140625,1.046875,0.8945394158363342
22-10-1996,1.046875,1.109375,2299200,1.109375,1.046875,0.8945394158363342
23-10-1996,1.046875,1.09375,582400,1.109375,1.109375,0.9479447603225708
24-10-1996,1.015625,1.109375,3331200,1.109375,1.078125,0.9212422370910645
25-10-1996,1.03125,1.078125,33600,1.078125,1.078125,0.9212422370910645
28-10-1996,1.03125,1.03125,44800,1.0625,1.0625,0.907891035079956
29-10-1996,1.0,1.0625,433600,1.09375,1.046875,0.8945394158363342
30-10-1996,1.0,1.0,112000,1.046875,1.0,0.8544856905937195
31-10-1996,1.0,1.0,203200,1.0625,1.046875,0.8945394158363342
01-11-1996,1.015625,1.015625,185600,1.0625,1.046875,0.8945394158363342
04-11-1996,1.015625,1.0625,2108800,1.0625,1.0625,0.907891035079956
05-11-1996,1.015625,1.015625,49600,1.015625,1.015625,0.8678367733955383
06-11-1996,1.0625,1.0625,128000,1.09375,1.09375,0.9345934391021729
07-11-1996,1.0625,1.09375,524800,1.109375,1.078125,0.9212422370910645
08-11-1996,1.078125,1.125,507200,1.203125,1.140625,0.9746476411819458
11-11-1996,1.140625,1.140625,126400,1.203125,1.1875,1.01470148563385
12-11-1996,1.078125,1.140625,206400,1.15625,1.078125,0.9212422370910645
13-11-1996,1.078125,1.078125,128000,1.140625,1.125,0.961296319961548
14-11-1996,1.046875,1.078125,91200,1.078125,1.0605469942092896,0.9062221050262452
15-11-1996,1.046875,1.1015629768371582,70400,1.109375,1.046875,0.8945394158363342
18-11-1996,1.046875,1.0546879768371582,195200,1.109375,1.109375,0.9479447603225708
19-11-1996,1.0625,1.109375,374400,1.1875,1.125,0.961296319961548
20-11-1996,1.15625,1.1875,40000,1.1875,1.1875,1.01470148563385
21-11-1996,1.109375,1.125,40000,1.140625,1.109375,0.9479447603225708
22-11-1996,1.109375,1.171875,142400,1.171875,1.15625,0.9879993200302124
25-11-1996,1.171875,1.171875,36800,1.171875,1.171875,1.0013505220413208
26-11-1996,1.109375,1.171875,44800,1.171875,1.109375,0.9479447603225708
27-11-1996,1.15625,1.171875,99200,1.171875,1.1640629768371582,0.9946750998497008
29-11-1996,1.171875,1.171875,30400,1.171875,1.171875,1.0013505220413208
02-12-1996,1.109375,1.109375,14400,1.171875,1.171875,1.0013505220413208
03-12-1996,1.171875,1.171875,4800,1.171875,1.171875,1.0013505220413208
04-12-1996,1.125,1.171875,152000,1.21875,1.203125,1.0280529260635376
05-12-1996,1.203125,1.203125,0,1.203125,1.203125,1.0280529260635376
06-12-1996,1.1640629768371582,1.171875,262400,1.203125,1.171875,1.0013505220413208
09-12-1996,1.171875,1.171875,19200,1.234375,1.171875,1.0013505220413208
10-12-1996,1.1875,1.1875,57600,1.234375,1.234375,1.0547558069229126
11-12-1996,1.171875,1.171875,150400,1.234375,1.1875,1.01470148563385
12-12-1996,1.171875,1.234375,20800,1.234375,1.171875,1.0013505220413208
13-12-1996,1.171875,1.171875,88000,1.234375,1.234375,1.0547558069229126
16-12-1996,1.171875,1.171875,30400,1.171875,1.171875,1.0013505220413208
17-12-1996,1.171875,1.171875,459200,1.234375,1.234375,1.0547558069229126
18-12-1996,1.25,1.25,758400,1.359375,1.3125,1.1215120553970337
19-12-1996,1.3125,1.359375,113600,1.359375,1.3125,1.1215120553970337
20-12-1996,1.3125,1.3125,43200,1.375,1.375,1.174917697906494
23-12-1996,1.375,1.375,465600,1.4375,1.375,1.174917697906494
24-12-1996,1.375,1.375,110400,1.4375,1.4375,1.2283233404159546
26-12-1996,1.375,1.375,36800,1.4375,1.375,1.174917697906494
27-12-1996,1.375,1.375,84800,1.4375,1.375,1.174917697906494
30-12-1996,1.375,1.4375,46400,1.4375,1.375,1.174917697906494
31-12-1996,1.375,1.40625,36800,1.40625,1.375,1.174917697906494
02-01-1997,1.34375,1.375,449600,1.40625,1.34375,1.1482151746749878
03-01-1997,1.296875,1.34375,510400,1.375,1.34375,1.1482151746749878
06-01-1997,1.265625,1.296875,392000,1.359375,1.265625,1.0814584493637085
07-01-1997,1.25,1.25,654400,1.296875,1.296875,1.1081608533859253
08-01-1997,1.25,1.296875,3246400,1.296875,1.296875,1.1081608533859253
09-01-1997,1.25,1.296875,94400,1.296875,1.296875,1.1081608533859253
10-01-1997,1.25,1.296875,331200,1.375,1.375,1.174917697906494
13-01-1997,1.359375,1.421875,1321600,1.421875,1.359375,1.1615662574768066
14-01-1997,1.359375,1.40625,256000,1.4375,1.4375,1.2283233404159546
15-01-1997,1.40625,1.453125,123200,1.46875,1.40625,1.201620101928711
16-01-1997,1.40625,1.46875,102400,1.46875,1.453125,1.2416744232177734
17-01-1997,1.390625,1.453125,164800,1.453125,1.390625,1.188268780708313
20-01-1997,1.375,1.421875,92800,1.421875,1.375,1.174917697906494
21-01-1997,1.34375,1.421875,134400,1.421875,1.390625,1.188268780708313
22-01-1997,1.34375,1.390625,35200,1.390625,1.390625,1.188268780708313
23-01-1997,1.34375,1.34375,544000,1.421875,1.4140629768371582,1.208296537399292
24-01-1997,1.359375,1.40625,14400,1.40625,1.359375,1.1615662574768066
27-01-1997,1.359375,1.40625,6400,1.40625,1.359375,1.1615662574768066
28-01-1997,1.359375,1.359375,0,1.359375,1.359375,1.1615662574768066
29-01-1997,1.359375,1.40625,27200,1.40625,1.40625,1.201620101928711
30-01-1997,1.40625,1.40625,20800,1.40625,1.40625,1.201620101928711
31-01-1997,1.3671879768371582,1.40625,36800,1.40625,1.3671879768371582,1.168242573738098
03-02-1997,1.359375,1.40625,769600,1.40625,1.40625,1.201620101928711
04-02-1997,1.375,1.40625,366400,1.46875,1.40625,1.201620101928711
05-02-1997,1.4375,1.46875,1065600,1.484375,1.484375,1.2683769464492798
06-02-1997,1.4375,1.46875,588800,1.515625,1.515625,1.2950799465179443
07-02-1997,1.5,1.546875,256000,1.546875,1.5,1.2817286252975464
10-02-1997,1.5,1.5625,356800,1.5625,1.5,1.2817286252975464
11-02-1997,1.421875,1.546875,347200,1.546875,1.453125,1.2416744232177734
12-02-1997,1.40625,1.40625,116800,1.46875,1.46875,1.2550255060195925
13-02-1997,1.40625,1.46875,227200,1.46875,1.46875,1.2550255060195925
14-02-1997,1.40625,1.40625,126400,1.46875,1.40625,1.201620101928711
18-02-1997,1.40625,1.4375,108800,1.4375,1.4375,1.2283233404159546
19-02-1997,1.40625,1.4375,43200,1.4375,1.40625,1.201620101928711
20-02-1997,1.34375,1.40625,131200,1.4375,1.3984379768371582,1.194944977760315
21-02-1997,1.34375,1.40625,46400,1.40625,1.34375,1.1482151746749878
24-02-1997,1.328125,1.328125,86400,1.34375,1.34375,1.1482151746749878
25-02-1997,1.328125,1.390625,32000,1.390625,1.328125,1.1348633766174316
26-02-1997,1.296875,1.328125,97600,1.34375,1.296875,1.1081608533859253
27-02-1997,1.21875,1.296875,216000,1.3125,1.21875,1.041404128074646
28-02-1997,1.21875,1.21875,100800,1.28125,1.21875,1.041404128074646
03-03-1997,1.21875,1.21875,124800,1.28125,1.234375,1.0547558069229126
04-03-1997,1.28125,1.28125,6400,1.28125,1.28125,1.0948095321655271
05-03-1997,1.234375,1.28125,920000,1.28125,1.2578129768371582,1.0747826099395752
06-03-1997,1.234375,1.28125,113600,1.296875,1.25,1.0681072473526
07-03-1997,1.25,1.265625,537600,1.296875,1.25,1.0681072473526
10-03-1997,1.234375,1.25,928000,1.296875,1.234375,1.0547558069229126
11-03-1997,1.234375,1.234375,72000,1.296875,1.234375,1.0547558069229126
12-03-1997,1.234375,1.234375,128000,1.265625,1.234375,1.0547558069229126
13-03-1997,1.234375,1.234375,35200,1.234375,1.234375,1.0547558069229126
14-03-1997,1.234375,1.234375,531200,1.2871090173721311,1.265625,1.0814584493637085
17-03-1997,1.1875,1.234375,308800,1.296875,1.1875,1.01470148563385
18-03-1997,1.1015629768371582,1.1875,377600,1.25,1.15625,0.9879993200302124
19-03-1997,1.09375,1.15625,104000,1.15625,1.109375,0.9479447603225708
20-03-1997,1.125,1.1875,54400,1.1875,1.125,0.961296319961548
21-03-1997,1.078125,1.1875,385600,1.1875,1.09375,0.9345934391021729
24-03-1997,1.09375,1.09375,62400,1.09375,1.09375,0.9345934391021729
25-03-1997,1.09375,1.15625,59200,1.15625,1.125,0.961296319961548
26-03-1997,1.09375,1.125,70400,1.125,1.09375,0.9345934391021729
27-03-1997,1.09375,1.15625,192000,1.15625,1.140625,0.9746476411819458
31-03-1997,1.09375,1.09375,73600,1.09375,1.09375,0.9345934391021729
01-04-1997,1.046875,1.09375,262400,1.15625,1.0625,0.907891035079956
02-04-1997,1.046875,1.109375,32000,1.109375,1.109375,0.9479447603225708
03-04-1997,1.046875,1.046875,244800,1.109375,1.0625,0.907891035079956
04-04-1997,1.078125,1.125,49600,1.125,1.09375,0.9345934391021729
07-04-1997,1.140625,1.140625,16000,1.140625,1.140625,0.9746476411819458
08-04-1997,1.1171879768371582,1.140625,51200,1.140625,1.1171879768371582,0.9546207785606384
09-04-1997,1.09375,1.140625,113600,1.15625,1.09375,0.9345934391021729
10-04-1997,1.109375,1.109375,60800,1.15625,1.15625,0.9879993200302124
11-04-1997,1.109375,1.109375,59200,1.15625,1.15625,0.9879993200302124
14-04-1997,1.109375,1.109375,65600,1.15625,1.125,0.961296319961548
15-04-1997,1.109375,1.109375,19200,1.109375,1.109375,0.9479447603225708
16-04-1997,1.109375,1.109375,9600,1.109375,1.109375,0.9479447603225708
17-04-1997,1.1328129768371582,1.1542969942092896,107200,1.171875,1.171875,1.0013505220413208
18-04-1997,1.109375,1.109375,17600,1.109375,1.109375,0.9479447603225708
21-04-1997,1.1328129768371582,1.171875,595200,1.171875,1.140625,0.9746476411819458
22-04-1997,1.109375,1.140625,88000,1.15625,1.109375,0.9479447603225708
23-04-1997,1.03125,1.109375,329600,1.125,1.078125,0.9212422370910645
24-04-1997,1.03125,1.03125,78400,1.078125,1.078125,0.9212422370910645
25-04-1997,1.0703129768371582,1.0703129768371582,297600,1.09375,1.09375,0.9345934391021729
28-04-1997,1.0625,1.09375,264000,1.125,1.125,0.961296319961548
29-04-1997,1.125,1.125,0,1.125,1.125,0.961296319961548
30-04-1997,1.0625,1.0625,126400,1.125,1.09375,0.9345934391021729
01-05-1997,1.09375,1.125,448000,1.140625,1.09375,0.9345934391021729
02-05-1997,1.125,1.140625,148800,1.1621090173721311,1.125,0.961296319961548
05-05-1997,1.2109379768371582,1.21875,257600,1.296875,1.25,1.0681072473526
06-05-1997,1.265625,1.296875,41600,1.328125,1.265625,1.0814584493637085
07-05-1997,1.265625,1.3125,139200,1.3125,1.265625,1.0814584493637085
08-05-1997,1.265625,1.265625,11200,1.265625,1.265625,1.0814584493637085
09-05-1997,1.25,1.265625,36800,1.3125,1.3125,1.1215120553970337
12-05-1997,1.25,1.25,40000,1.3125,1.296875,1.1081608533859253
13-05-1997,1.234375,1.234375,289600,1.265625,1.265625,1.0814584493637085
14-05-1997,1.234375,1.296875,81600,1.296875,1.296875,1.1081608533859253
15-05-1997,1.25,1.296875,19200,1.296875,1.25,1.0681072473526
16-05-1997,1.2421879768371582,1.265625,561600,1.296875,1.265625,1.0814584493637085
19-05-1997,1.234375,1.296875,38400,1.296875,1.296875,1.1081608533859253
20-05-1997,1.234375,1.25,452800,1.296875,1.2890629768371582,1.1014858484268188
21-05-1997,1.234375,1.234375,11200,1.296875,1.25,1.0681072473526
22-05-1997,1.265625,1.296875,275200,1.296875,1.296875,1.1081608533859253
23-05-1997,1.25,1.296875,107200,1.296875,1.25,1.0681072473526
27-05-1997,1.25,1.296875,252800,1.296875,1.296875,1.1081608533859253
28-05-1997,1.25,1.25,425600,1.328125,1.3125,1.1215120553970337
29-05-1997,1.28125,1.328125,118400,1.328125,1.296875,1.1081608533859253
30-05-1997,1.3125,1.3125,16000,1.3125,1.3125,1.1215120553970337
02-06-1997,1.265625,1.28125,8000,1.28125,1.2734379768371582,1.0881341695785522
03-06-1997,1.265625,1.265625,606400,1.421875,1.375,1.174917697906494
04-06-1997,1.375,1.4375,259200,1.46875,1.46875,1.2550255060195925
05-06-1997,1.40625,1.46875,56000,1.46875,1.46875,1.2550255060195925
06-06-1997,1.421875,1.421875,731200,1.4453129768371582,1.4375,1.2283233404159546
09-06-1997,1.40625,1.40625,81600,1.46875,1.421875,1.214971661567688
10-06-1997,1.4375,1.46875,761600,1.46875,1.46875,1.2550255060195925
11-06-1997,1.4375,1.46875,940800,1.484375,1.484375,1.2683769464492798
12-06-1997,1.46875,1.46875,1571200,1.484375,1.484375,1.2683769464492798
13-06-1997,1.4375,1.4375,24000,1.46875,1.4375,1.2283233404159546
16-06-1997,1.453125,1.46875,249600,1.5,1.453125,1.2416744232177734
17-06-1997,1.453125,1.453125,496000,1.484375,1.484375,1.2683769464492798
18-06-1997,1.453125,1.453125,17600,1.453125,1.453125,1.2416744232177734
19-06-1997,1.46875,1.515625,246400,1.515625,1.484375,1.2683769464492798
20-06-1997,1.453125,1.453125,27200,1.5,1.453125,1.2416744232177734
23-06-1997,1.453125,1.453125,294400,1.515625,1.484375,1.2683769464492798
24-06-1997,1.453125,1.453125,169600,1.4921879768371582,1.4921879768371582,1.2750533819198608
25-06-1997,1.4921879768371582,1.4921879768371582,0,1.4921879768371582,1.4921879768371582,1.2750533819198608
26-06-1997,1.515625,1.515625,17600,1.515625,1.515625,1.2950799465179443
27-06-1997,1.453125,1.453125,16000,1.453125,1.453125,1.2416744232177734
30-06-1997,1.46875,1.515625,70400,1.515625,1.515625,1.2950799465179443
01-07-1997,1.46875,1.46875,3560000,1.515625,1.46875,1.2550255060195925
02-07-1997,1.46875,1.46875,11200,1.46875,1.46875,1.2550255060195925
03-07-1997,1.46875,1.515625,41600,1.515625,1.46875,1.2550255060195925
07-07-1997,1.46875,1.46875,332800,1.5078129768371582,1.46875,1.2550255060195925
08-07-1997,1.46875,1.46875,368000,1.515625,1.5078129768371582,1.2884047031402588
09-07-1997,1.46875,1.46875,550400,1.5,1.5,1.2817286252975464
10-07-1997,1.46875,1.46875,83200,1.46875,1.46875,1.2550255060195925
11-07-1997,1.46875,1.46875,30400,1.46875,1.46875,1.2550255060195925
14-07-1997,1.46875,1.46875,913600,1.5,1.5,1.2817286252975464
15-07-1997,1.46875,1.5,153600,1.53125,1.5,1.2817286252975464
16-07-1997,1.46875,1.46875,28800,1.5234379768371582,1.46875,1.2550255060195925
17-07-1997,1.46875,1.46875,40000,1.53125,1.4921879768371582,1.2750533819198608
18-07-1997,1.46875,1.46875,649600,1.5097659826278689,1.46875,1.2550255060195925
21-07-1997,1.46875,1.46875,134400,1.5625,1.5625,1.335133671760559
22-07-1997,1.5,1.5625,193600,1.5625,1.5625,1.335133671760559
23-07-1997,1.5,1.5078129768371582,48000,1.5625,1.5625,1.335133671760559
24-07-1997,1.5,1.5,278400,1.5625,1.5625,1.335133671760559
25-07-1997,1.5,1.5,342400,1.5625,1.5234379768371582,1.3017557859420776
28-07-1997,1.5,1.5,139200,1.5625,1.5,1.2817286252975464
29-07-1997,1.5,1.5625,680000,1.5625,1.5625,1.335133671760559
30-07-1997,1.5,1.5625,2000000,1.5625,1.5,1.2817286252975464
31-07-1997,1.5,1.5625,36800,1.5625,1.5,1.2817286252975464
01-08-1997,1.5,1.5625,33600,1.5625,1.5,1.2817286252975464
04-08-1997,1.5,1.5625,33600,1.5625,1.5,1.2817286252975464
05-08-1997,1.5,1.5625,705600,1.5625,1.5,1.2817286252975464
06-08-1997,1.5,1.5625,22400,1.5625,1.5,1.2817286252975464
07-08-1997,1.5,1.5625,912000,1.5625,1.5625,1.335133671760559
08-08-1997,1.5625,1.5625,724800,1.703125,1.6875,1.441944241523743
11-08-1997,1.609375,1.71875,860800,1.75,1.640625,1.4018906354904177
12-08-1997,1.609375,1.640625,179200,1.671875,1.65625,1.4152415990829468
13-08-1997,1.515625,1.671875,228800,1.671875,1.578125,1.348485231399536
14-08-1997,1.53125,1.53125,1750400,1.59375,1.59375,1.3618361949920654
15-08-1997,1.53125,1.53125,820800,1.5625,1.5625,1.335133671760559
18-08-1997,1.53125,1.53125,1065600,1.5546879768371582,1.5546879768371582,1.328458547592163
19-08-1997,1.53125,1.5625,134400,1.5625,1.53125,1.3084317445755005
20-08-1997,1.53125,1.53125,443200,1.59375,1.59375,1.3618361949920654
21-08-1997,1.546875,1.5625,1768000,1.59375,1.546875,1.3217825889587402
22-08-1997,1.53125,1.53125,128000,1.59375,1.53125,1.3084317445755005
25-08-1997,1.53125,1.5625,81600,1.5625,1.53125,1.3084317445755005
26-08-1997,1.53125,1.59375,120000,1.59375,1.53125,1.3084317445755005
27-08-1997,1.53125,1.59375,62400,1.59375,1.53125,1.3084317445755005
28-08-1997,1.53125,1.578125,8000,1.578125,1.53125,1.3084317445755005
29-08-1997,1.53125,1.53125,256000,1.5546879768371582,1.53125,1.3084317445755005
02-09-1997,1.53125,1.53125,41600,1.578125,1.578125,1.348485231399536
03-09-1997,1.53125,1.578125,158400,1.578125,1.5625,1.335133671760559
04-09-1997,1.53125,1.53125,102400,1.59375,1.59375,1.3618361949920654
05-09-1997,1.53125,1.59375,28800,1.59375,1.53125,1.3084317445755005
08-09-1997,1.53125,1.59375,36800,1.59375,1.5625,1.335133671760559
09-09-1997,1.53125,1.53125,1470400,1.59375,1.5625,1.335133671760559
10-09-1997,1.546875,1.578125,121600,1.609375,1.609375,1.3751877546310425
11-09-1997,1.609375,1.609375,0,1.609375,1.609375,1.3751877546310425
12-09-1997,1.546875,1.609375,41600,1.609375,1.609375,1.3751877546310425
15-09-1997,1.609375,1.609375,3200,1.609375,1.609375,1.3751877546310425
16-09-1997,1.546875,1.546875,38400,1.609375,1.609375,1.3751877546310425
17-09-1997,1.546875,1.609375,49600,1.609375,1.609375,1.3751877546310425
18-09-1997,1.609375,1.609375,19200,1.609375,1.609375,1.3751877546310425
19-09-1997,1.5703129768371582,1.609375,352000,1.609375,1.578125,1.348485231399536
22-09-1997,1.546875,1.609375,163200,1.609375,1.5625,1.335133671760559
23-09-1997,1.546875,1.546875,596800,1.609375,1.5859379768371582,1.355161190032959
24-09-1997,1.578125,1.5859379768371582,2078400,1.609375,1.59375,1.3618361949920654
25-09-1997,1.578125,1.609375,145600,1.609375,1.578125,1.348485231399536
26-09-1997,1.578125,1.609375,121600,1.609375,1.578125,1.348485231399536
29-09-1997,1.59375,1.609375,1992000,1.609375,1.609375,1.3751877546310425
30-09-1997,1.59375,1.625,142400,1.625,1.625,1.388538837432861
01-10-1997,1.59375,1.625,451200,1.625,1.59375,1.3618361949920654
02-10-1997,1.59375,1.59375,116800,1.625,1.59375,1.3618361949920654
03-10-1997,1.59375,1.625,104000,1.625,1.609375,1.3751877546310425
06-10-1997,1.59375,1.625,36800,1.625,1.59375,1.3618361949920654
07-10-1997,1.59375,1.59375,19200,1.625,1.625,1.388538837432861
08-10-1997,1.59375,1.59375,3200,1.59375,1.59375,1.3618361949920654
09-10-1997,1.59375,1.59375,20800,1.59375,1.59375,1.3618361949920654
10-10-1997,1.59375,1.625,56000,1.625,1.59375,1.3618361949920654
13-10-1997,1.59375,1.59375,100800,1.625,1.625,1.388538837432861
14-10-1997,1.59375,1.625,1068800,1.625,1.625,1.388538837432861
15-10-1997,1.59375,1.59375,260800,1.625,1.609375,1.3751877546310425
16-10-1997,1.59375,1.625,52800,1.625,1.625,1.388538837432861
17-10-1997,1.59375,1.625,283200,1.625,1.59375,1.3618361949920654
20-10-1997,1.59375,1.59375,48000,1.59375,1.59375,1.3618361949920654
21-10-1997,1.6015629768371582,1.625,67200,1.625,1.625,1.388538837432861
22-10-1997,1.625,1.625,30400,1.625,1.625,1.388538837432861
23-10-1997,1.609375,1.609375,12800,1.625,1.625,1.388538837432861
24-10-1997,1.59375,1.625,355200,1.625,1.625,1.388538837432861
27-10-1997,1.59375,1.625,1841600,1.71875,1.671875,1.4285929203033447
28-10-1997,1.640625,1.6875,1587200,1.734375,1.640625,1.4018906354904177
29-10-1997,1.6875,1.734375,569600,1.78125,1.71875,1.4686471223831177
30-10-1997,1.703125,1.71875,107200,1.75,1.703125,1.4552958011627195
31-10-1997,1.703125,1.703125,8000,1.75,1.75,1.4953495264053345
03-11-1997,1.703125,1.75,142400,1.75,1.71875,1.4686471223831177
04-11-1997,1.703125,1.703125,288000,1.734375,1.7265629768371582,1.4753233194351196
05-11-1997,1.703125,1.703125,267200,1.78125,1.7734379768371582,1.515377402305603
06-11-1997,1.734375,1.78125,2616000,1.78125,1.75,1.4953495264053345
07-11-1997,1.734375,1.734375,123200,1.7578129768371582,1.7578129768371582,1.5020262002944946
10-11-1997,1.765625,1.78125,190400,1.796875,1.796875,1.5354039669036863
11-11-1997,1.8125,1.8125,80000,1.84375,1.8203129768371584,1.5554310083389282
12-11-1997,1.796875,1.84375,441600,1.84375,1.796875,1.5354039669036863
13-11-1997,1.796875,1.796875,825600,1.921875,1.921875,1.6422144174575806
14-11-1997,1.890625,1.890625,432000,1.921875,1.9140629768371584,1.635539412498474
17-11-1997,1.890625,1.890625,28800,1.921875,1.90625,1.6288630962371826
18-11-1997,1.890625,1.921875,590400,1.9375,1.8984379768371584,1.622187852859497
19-11-1997,1.890625,1.890625,60800,1.9375,1.9375,1.6555659770965576
20-11-1997,1.890625,1.890625,121600,1.9375,1.890625,1.6155116558074951
21-11-1997,1.890625,1.9375,86400,1.9375,1.890625,1.6155116558074951
24-11-1997,1.890625,1.890625,68800,1.921875,1.8984379768371584,1.622187852859497
25-11-1997,1.875,1.921875,147200,1.921875,1.875,1.6021604537963867
26-11-1997,1.875,1.90625,36800,1.90625,1.875,1.6021604537963867
28-11-1997,1.875,1.875,0,1.875,1.875,1.6021604537963867
01-12-1997,1.859375,1.90625,54400,1.90625,1.890625,1.6155116558074951
02-12-1997,1.859375,1.859375,84800,1.890625,1.890625,1.6155116558074951
03-12-1997,1.875,1.875,22400,1.875,1.875,1.6021604537963867
04-12-1997,1.875,1.90625,20800,1.90625,1.875,1.6021604537963867
05-12-1997,1.8125,1.90625,156800,1.90625,1.8125,1.548755168914795
08-12-1997,1.78125,1.859375,257600,1.859375,1.78125,1.522052764892578
09-12-1997,1.796875,1.84375,500800,1.84375,1.828125,1.5621066093444824
10-12-1997,1.78125,1.78125,267200,1.84375,1.78125,1.522052764892578
11-12-1997,1.78125,1.78125,115200,1.8046879768371584,1.78125,1.522052764892578
12-12-1997,1.78125,1.78125,113600,1.8125,1.796875,1.5354039669036863
15-12-1997,1.78125,1.7890629768371582,627200,1.8125,1.78125,1.522052764892578
16-12-1997,1.78125,1.828125,430400,1.828125,1.78125,1.522052764892578
17-12-1997,1.796875,1.796875,4800,1.8125,1.8125,1.548755168914795
18-12-1997,1.78125,1.8125,483200,1.8125,1.78125,1.522052764892578
19-12-1997,1.765625,1.8125,1320000,1.8125,1.765625,1.5087014436721802
22-12-1997,1.75,1.8125,241600,1.8125,1.75,1.4953495264053345
23-12-1997,1.75,1.7578129768371582,560000,1.765625,1.75,1.4953495264053345
24-12-1997,1.75,1.75,198400,1.765625,1.7578129768371582,1.5020262002944946
26-12-1997,1.75,1.75,6400,1.796875,1.78125,1.522052764892578
29-12-1997,1.71875,1.75,275200,1.8125,1.7578129768371582,1.5020262002944946
30-12-1997,1.71875,1.765625,256000,1.765625,1.75,1.4953495264053345
31-12-1997,1.7578129768371582,1.765625,83200,1.765625,1.7578129768371582,1.5020262002944946
02-01-1998,1.75,1.765625,28800,1.765625,1.75,1.4953495264053345
05-01-1998,1.734375,1.734375,56000,1.765625,1.75,1.4953495264053345
06-01-1998,1.75,1.78125,1457600,1.796875,1.75,1.4953495264053345
07-01-1998,1.75,1.75,56000,1.796875,1.75,1.4953495264053345
08-01-1998,1.75,1.75,796800,1.796875,1.765625,1.5087014436721802
09-01-1998,1.75,1.75,43200,1.78125,1.75,1.4953495264053345
12-01-1998,1.734375,1.734375,737600,1.78125,1.78125,1.522052764892578
13-01-1998,1.734375,1.734375,728000,1.78125,1.78125,1.522052764892578
14-01-1998,1.734375,1.734375,22400,1.78125,1.78125,1.522052764892578
15-01-1998,1.734375,1.734375,72000,1.78125,1.78125,1.522052764892578
16-01-1998,1.734375,1.734375,1140800,1.828125,1.796875,1.5354039669036863
20-01-1998,1.796875,1.828125,788800,1.84375,1.8359379768371584,1.5687822103500366
21-01-1998,1.828125,1.859375,344000,1.859375,1.828125,1.5621066093444824
22-01-1998,1.828125,1.828125,17600,1.859375,1.828125,1.5621066093444824
23-01-1998,1.847656011581421,1.859375,227200,1.8828129768371584,1.8828129768371584,1.6088365316390991
26-01-1998,1.84375,1.859375,22400,1.8828129768371584,1.84375,1.5754576921463013
27-01-1998,1.84375,1.84375,59200,1.875,1.84375,1.5754576921463013
28-01-1998,1.890625,1.890625,163200,1.984375,1.984375,1.6956195831298828
29-01-1998,1.984375,1.984375,28800,1.9921879768371584,1.9921879768371584,1.7022957801818848
30-01-1998,1.96875,2.015625,51200,2.03125,2.023437976837158,1.7289985418319702
02-02-1998,2.0,2.1875,529600,2.1875,2.078125,1.7757279872894287
03-02-1998,2.0,2.015625,152000,2.0625,2.0,1.708971381187439
04-02-1998,2.0,2.0,73600,2.078125,2.03125,1.7356735467910769
05-02-1998,2.03125,2.078125,51200,2.078125,2.078125,1.7757279872894287
06-02-1998,2.0625,2.078125,313600,2.125,2.094727039337158,1.7899140119552612
09-02-1998,2.078125,2.078125,817600,2.140625,2.125,1.815782070159912
10-02-1998,2.0625,2.09375,96000,2.140625,2.063477039337158,1.7632114887237549
11-02-1998,2.0625,2.078125,158400,2.125,2.0625,1.762376308441162
12-02-1998,2.046875,2.046875,148800,2.109375,2.109375,1.802430510520935
13-02-1998,2.109375,2.109375,83200,2.140625,2.117187976837158,1.8091068267822263
17-02-1998,2.078125,2.140625,192000,2.140625,2.125,1.815782070159912
18-02-1998,2.09375,2.125,64000,2.125,2.125,1.815782070159912
19-02-1998,2.078125,2.078125,43200,2.125,2.125,1.815782070159912
20-02-1998,2.078125,2.125,27200,2.125,2.078125,1.7757279872894287
23-02-1998,2.046875,2.078125,616000,2.09375,2.0625,1.762376308441162
24-02-1998,2.046875,2.046875,80000,2.09375,2.063477039337158,1.7632114887237549
25-02-1998,2.046875,2.046875,115200,2.101562976837158,2.070312976837158,1.769052505493164
26-02-1998,2.0625,2.0625,20800,2.085937976837158,2.085937976837158,1.7824040651321411
27-02-1998,2.0625,2.0625,99200,2.125,2.125,1.815782070159912
02-03-1998,2.085937976837158,2.09375,28800,2.125,2.085937976837158,1.7824040651321411
03-03-1998,2.078125,2.09375,104000,2.109375,2.109375,1.802430510520935
04-03-1998,2.109375,2.109375,16000,2.109375,2.109375,1.802430510520935
05-03-1998,2.0,2.0625,289600,2.0625,2.0625,1.762376308441162
06-03-1998,2.0625,2.0625,41600,2.070312976837158,2.070312976837158,1.769052505493164
09-03-1998,2.015625,2.03125,11200,2.070312976837158,2.023437976837158,1.7289985418319702
10-03-1998,2.0,2.03125,617600,2.046875,2.03125,1.7356735467910769
11-03-1998,2.03125,2.03125,571200,2.046875,2.03125,1.7356735467910769
12-03-1998,2.015625,2.0625,212800,2.0625,2.0625,1.762376308441162
13-03-1998,2.015625,2.015625,820800,2.0625,2.054687976837158,1.7557008266448977
16-03-1998,2.0,2.0625,1209600,2.0625,2.0625,1.762376308441162
17-03-1998,2.023437976837158,2.023437976837158,1065600,2.0625,2.0625,1.762376308441162
18-03-1998,2.023437976837158,2.023437976837158,404800,2.0625,2.023437976837158,1.7289985418319702
19-03-1998,2.023437976837158,2.0625,272000,2.0625,2.0625,1.762376308441162
20-03-1998,2.023437976837158,2.0625,1028800,2.0625,2.03125,1.7356735467910769
23-03-1998,2.023437976837158,2.0625,20800,2.0625,2.023437976837158,1.7289985418319702
24-03-1998,2.0,2.0625,248000,2.0625,2.0,1.708971381187439
25-03-1998,1.828125,2.015625,441600,2.015625,1.90625,1.6288630962371826
26-03-1998,1.8984379768371584,1.8984379768371584,1043200,2.0,1.953125,1.6689174175262451
27-03-1998,1.953125,2.0,1979200,2.1875,2.1875,1.8691868782043457
30-03-1998,2.1875,2.21875,1508800,2.28125,2.1875,1.8691868782043457
31-03-1998,2.15625,2.179687976837158,761600,2.21875,2.21875,1.8958895206451416
01-04-1998,2.21875,2.21875,97600,2.242187976837158,2.21875,1.8958895206451416
02-04-1998,2.140625,2.203125,2953600,2.378906011581421,2.328125,1.9893492460250852
03-04-1998,2.296875,2.359375,316800,2.359375,2.34375,2.0027010440826416
06-04-1998,2.328125,2.328125,1657600,2.40625,2.367187976837158,2.0227279663085938
07-04-1998,2.359375,2.359375,515200,2.40625,2.359375,2.016051769256592
08-04-1998,2.359375,2.390625,193600,2.390625,2.367187976837158,2.0227279663085938
09-04-1998,2.359375,2.390625,360000,2.390625,2.359375,2.016051769256592
13-04-1998,2.359375,2.359375,196800,2.40625,2.359375,2.016051769256592
14-04-1998,2.359375,2.421875,544000,2.4375,2.359375,2.016051769256592
15-04-1998,2.359375,2.367187976837158,62400,2.421875,2.359375,2.016051769256592
16-04-1998,2.40625,2.4375,508800,2.46875,2.40625,2.056105852127075
17-04-1998,2.40625,2.4375,200000,2.4375,2.429687976837158,2.076133966445923
20-04-1998,2.390625,2.40625,332800,2.453125,2.414062976837158,2.062782049179077
21-04-1998,2.382812976837158,2.421875,259200,2.4375,2.4375,2.082808256149292
22-04-1998,2.40625,2.4375,748800,2.460937976837158,2.4375,2.082808256149292
23-04-1998,2.4375,2.476562976837158,155200,2.476562976837158,2.454102039337158,2.0969948768615723
24-04-1998,2.445312976837158,2.445312976837158,172800,2.476562976837158,2.46875,2.109511613845825
27-04-1998,2.453125,2.5,892800,2.515625,2.484375,2.122863292694092
28-04-1998,2.453125,2.5,51200,2.5,2.5,2.1362144947052
29-04-1998,2.457031011581421,2.46875,833600,2.5,2.488281011581421,2.1262001991271973
30-04-1998,2.453125,2.5,633600,2.5,2.472656011581421,2.1128487586975098
01-05-1998,2.4375,2.46875,7174400,2.46875,2.453125,2.0961596965789795
04-05-1998,2.4375,2.484375,2776000,2.484375,2.46875,2.109511613845825
05-05-1998,2.4375,2.46875,296000,2.46875,2.46875,2.109511613845825
06-05-1998,2.40625,2.46875,569600,2.46875,2.46875,2.109511613845825
07-05-1998,2.4375,2.4375,40000,2.46875,2.46875,2.109511613845825
08-05-1998,2.4375,2.4375,67200,2.464843988418579,2.449218988418579,2.092822313308716
11-05-1998,2.445312976837158,2.445312976837158,507200,2.5,2.5,2.1362144947052
12-05-1998,2.453125,2.5,80000,2.5,2.476562976837158,2.116187572479248
13-05-1998,2.453125,2.453125,142400,2.5,2.476562976837158,2.116187572479248
14-05-1998,2.453125,2.484375,369600,2.539062976837158,2.539062976837158,2.1695916652679443
15-05-1998,2.515625,2.546875,675200,2.609375,2.535156011581421,2.1662542819976807
18-05-1998,2.515625,2.515625,358400,2.609375,2.53125,2.162916898727417
19-05-1998,2.460937976837158,2.546875,278400,2.546875,2.460937976837158,2.102836847305298
20-05-1998,2.4375,2.453125,443200,2.484375,2.445312976837158,2.089484691619873
21-05-1998,2.359375,2.445312976837158,616000,2.445312976837158,2.390625,2.042754650115967
22-05-1998,2.359375,2.375,38400,2.375,2.371093988418579,2.0260653495788574
26-05-1998,2.3125,2.3125,153600,2.375,2.3125,1.9759986400604248
27-05-1998,2.21875,2.332031011581421,256000,2.332031011581421,2.28125,1.949295282363892
28-05-1998,2.21875,2.234375,185600,2.265625,2.21875,1.8958895206451416
29-05-1998,2.203125,2.25,235200,2.265625,2.21875,1.8958895206451416
01-06-1998,2.203125,2.203125,632000,2.28125,2.222656011581421,1.899227738380432
02-06-1998,2.25,2.265625,120000,2.265625,2.265625,1.9359443187713623
03-06-1998,2.25,2.257812976837158,129600,2.257812976837158,2.257812976837158,1.929268479347229
04-06-1998,2.203125,2.257812976837158,526400,2.273437976837158,2.203125,1.882538199424744
05-06-1998,2.203125,2.25,132800,2.265625,2.25,1.922592639923096
08-06-1998,2.21875,2.21875,131200,2.28125,2.257812976837158,1.929268479347229
09-06-1998,2.234375,2.234375,891200,2.261718988418579,2.257812976837158,1.929268479347229
10-06-1998,2.25,2.25,102400,2.277343988418579,2.277343988418579,1.9459575414657595
11-06-1998,2.25,2.277343988418579,60800,2.277343988418579,2.277343988418579,1.9459575414657595
12-06-1998,2.234375,2.28125,187200,2.28125,2.28125,1.949295282363892
15-06-1998,2.25,2.277343988418579,57600,2.28125,2.28125,1.949295282363892
16-06-1998,2.234375,2.265625,416000,2.328125,2.328125,1.9893492460250852
17-06-1998,2.3125,2.328125,235200,2.421875,2.414062976837158,2.062782049179077
18-06-1998,2.414062976837158,2.421875,153600,2.453125,2.453125,2.0961596965789795
19-06-1998,2.414062976837158,2.414062976837158,235200,2.5,2.4375,2.082808256149292
22-06-1998,2.4375,2.472656011581421,540800,2.546875,2.5,2.1362144947052
23-06-1998,2.5625,2.5625,624000,2.6875,2.578125,2.2029707431793213
24-06-1998,2.5625,2.5625,603200,2.671875,2.671875,2.283077955245972
25-06-1998,2.671875,2.703125,2640000,2.78125,2.703125,2.309781789779663
26-06-1998,2.726562976837158,2.75,2254400,2.789062976837158,2.753906011581421,2.353173017501831
29-06-1998,2.71875,2.78125,2155200,2.8125,2.71875,2.3231325149536133
30-06-1998,2.71875,2.734375,1387200,2.847656011581421,2.847656011581421,2.4332804679870605
01-07-1998,2.75,2.828125,606400,2.828125,2.828125,2.416592121124268
02-07-1998,2.8125,2.84375,641600,2.890625,2.890625,2.469996452331543
06-07-1998,2.875,2.875,462400,2.929687976837158,2.929687976837158,2.50337553024292
07-07-1998,2.9375,2.9375,2561600,3.03125,2.96875,2.53675389289856
08-07-1998,2.953125,3.0,1550400,3.0,2.953125,2.5234029293060303
09-07-1998,2.953125,2.953125,2822400,3.085937976837158,3.015625,2.5768086910247803
10-07-1998,2.96875,2.984375,1252800,3.03125,3.015625,2.5768086910247803
13-07-1998,2.96875,3.0,624000,3.03125,2.972656011581421,2.540091037750244
14-07-1998,2.90625,2.96875,888000,2.96875,2.914062976837158,2.490025758743286
15-07-1998,2.84375,2.890625,377600,2.90625,2.875,2.456646680831909
16-07-1998,2.84375,2.84375,875200,3.015625,2.972656011581421,2.540091037750244
17-07-1998,2.9375,3.0,1740800,3.015625,2.9375,2.510051012039185
20-07-1998,2.921875,2.9375,68800,2.976562976837158,2.921875,2.496700525283813
21-07-1998,2.953125,2.984375,43200,2.984375,2.953125,2.5234029293060303
22-07-1998,2.890625,2.921875,945600,2.953125,2.890625,2.469996452331543
23-07-1998,2.84375,2.890625,2508800,2.921875,2.859375,2.4432947635650635
24-07-1998,2.859375,2.859375,1788800,2.90625,2.890625,2.469996452331543
27-07-1998,2.8125,2.875,803200,2.914062976837158,2.8125,2.403240203857422
28-07-1998,2.71875,2.875,467200,2.875,2.71875,2.3231325149536133
29-07-1998,2.679687976837158,2.796875,2587200,2.796875,2.679687976837158,2.2897543907165527
30-07-1998,2.6875,2.703125,1272000,2.765625,2.703125,2.309781789779663
31-07-1998,2.703125,2.75,1952000,2.859375,2.804687976837158,2.396566152572632
03-08-1998,2.765625,2.84375,390400,2.859375,2.804687976837158,2.396566152572632
04-08-1998,2.75,2.8125,451200,2.8125,2.75,2.3498353958129883
05-08-1998,2.75,2.8125,331200,2.8125,2.773437976837158,2.369862794876098
06-08-1998,2.757812976837158,2.804687976837158,158400,2.804687976837158,2.789062976837158,2.383213996887207
07-08-1998,2.757812976837158,2.765625,1020800,2.90625,2.835937976837158,2.423268795013428
10-08-1998,2.835937976837158,2.835937976837158,1112000,3.078125,3.0,2.5634572505950928
11-08-1998,2.921875,2.921875,784000,2.960937976837158,2.921875,2.496700525283813
12-08-1998,2.929687976837158,2.953125,379200,2.96875,2.945312976837158,2.5167272090911865
13-08-1998,2.890625,2.976562976837158,241600,2.976562976837158,2.890625,2.469996452331543
14-08-1998,2.796875,2.9375,313600,2.9375,2.796875,2.389889001846313
17-08-1998,2.828125,2.851562976837158,3398400,2.890625,2.882812976837158,2.463322401046753
18-08-1998,2.851562976837158,2.851562976837158,380800,2.898437976837158,2.878906011581421,2.4599833488464355
19-08-1998,2.84375,2.90625,409600,2.90625,2.84375,2.429943323135376
20-08-1998,2.84375,2.867187976837158,305600,2.867187976837158,2.84375,2.429943323135376
21-08-1998,2.703125,2.8125,326400,2.8125,2.734375,2.336484432220459
24-08-1998,2.703125,2.703125,411200,2.78125,2.730468988418579,2.3331458568573
25-08-1998,2.625,2.71875,201600,2.71875,2.65625,2.2697267532348637
26-08-1998,2.609375,2.625,144000,2.65625,2.609375,2.2296741008758545
27-08-1998,2.484375,2.546875,350400,2.546875,2.503906011581421,2.1395511627197266
28-08-1998,2.46875,2.53125,926400,2.546875,2.53125,2.162916898727417
31-08-1998,2.28125,2.5,1160000,2.53125,2.3125,1.9759986400604248
01-09-1998,2.25,2.3125,1916800,2.46875,2.460937976837158,2.102836847305298
02-09-1998,2.429687976837158,2.484375,1174400,2.59375,2.476562976837158,2.116187572479248
03-09-1998,2.382812976837158,2.46875,1241600,2.507812976837158,2.382812976837158,2.0360796451568604
04-09-1998,2.3125,2.40625,1544000,2.421875,2.359375,2.016051769256592
08-09-1998,2.335937976837158,2.375,3696000,2.765625,2.765625,2.363187074661255
09-09-1998,2.652343988418579,2.734375,1361600,2.890625,2.78125,2.376537561416626
10-09-1998,2.625,2.8125,1657600,2.8125,2.75,2.3498353958129883
11-09-1998,2.65625,2.765625,288000,2.78125,2.6875,2.296430349349976
14-09-1998,2.65625,2.65625,593600,2.804687976837158,2.78125,2.376537561416626
15-09-1998,2.75,2.75,718400,2.96875,2.835937976837158,2.423268795013428
16-09-1998,2.8125,2.8125,1230400,2.875,2.875,2.456646680831909
17-09-1998,2.820312976837158,2.890625,1177600,2.90625,2.875,2.456646680831909
18-09-1998,2.859375,2.90625,1102400,2.953125,2.9375,2.510051012039185
21-09-1998,2.890625,2.921875,2441600,3.09375,3.078125,2.630213022232056
22-09-1998,3.109375,3.203125,4417600,3.25,3.226562976837158,2.757051944732666
23-09-1998,3.140625,3.3125,3715200,3.359375,3.171875,2.7103216648101807
24-09-1998,3.007812976837158,3.132812976837158,2715200,3.203125,3.070312976837158,2.6235382556915283
25-09-1998,2.984375,2.984375,1025600,3.140625,3.101562976837158,2.650240421295166
28-09-1998,3.125,3.140625,3177600,3.351562976837158,3.28125,2.803781270980835
29-09-1998,3.234375,3.359375,700800,3.363281011581421,3.296875,2.8171322345733643
30-09-1998,3.15625,3.195312976837158,2308800,3.3125,3.25,2.7770776748657227
01-10-1998,2.773437976837158,3.226562976837158,2297600,3.273437976837158,2.8125,2.403240203857422
02-10-1998,2.71875,2.8125,2886400,2.921875,2.84375,2.429943323135376
05-10-1998,2.617187976837158,2.8125,1820800,2.890625,2.648437976837158,2.2630515098571777
06-10-1998,2.625,2.703125,1856000,2.882812976837158,2.804687976837158,2.396566152572632
07-10-1998,2.65625,2.791016101837158,1912000,2.84375,2.660156011581421,2.2730648517608643
08-10-1998,2.578125,2.695312976837158,2624000,2.695312976837158,2.6875,2.296430349349976
09-10-1998,2.710937976837158,2.71875,1676800,2.859375,2.820312976837158,2.4099161624908447
12-10-1998,2.84375,2.859375,760000,2.96875,2.96875,2.53675389289856
13-10-1998,2.929687976837158,2.96875,246400,2.984375,2.945312976837158,2.5167272090911865
14-10-1998,2.945312976837158,2.953125,577600,3.117187976837158,3.09375,2.6435651779174805
15-10-1998,3.03125,3.0625,1294400,3.328125,3.296875,2.8171322345733643
16-10-1998,2.9375,3.34375,3345600,3.34375,3.03125,2.5901598930358887
19-10-1998,2.984375,3.03125,918400,3.132812976837158,3.0625,2.616863489151001
20-10-1998,3.023437976837158,3.023437976837158,1851200,3.125,3.09375,2.6435651779174805
21-10-1998,3.03125,3.046875,1113600,3.09375,3.09375,2.6435651779174805
22-10-1998,3.046875,3.0625,348800,3.132812976837158,3.0625,2.616863489151001
23-10-1998,3.046875,3.125,483200,3.125,3.109375,2.656916379928589
26-10-1998,3.09375,3.09375,1064000,3.25,3.25,2.7770776748657227
27-10-1998,3.1875,3.25,684800,3.257812976837158,3.21875,2.750375509262085
28-10-1998,3.109375,3.171875,932800,3.210937976837158,3.1875,2.723672389984131
29-10-1998,3.109375,3.1875,302400,3.1875,3.179687976837158,2.7169978618621826
30-10-1998,3.109375,3.125,910400,3.21875,3.1875,2.723672389984131
02-11-1998,3.21875,3.21875,1641600,3.5,3.5,2.990699052810669
03-11-1998,3.5,3.5625,1081600,3.671875,3.546875,3.0307540893554688
04-11-1998,3.53125,3.632812976837158,2062400,3.632812976837158,3.578125,3.0574562549591064
05-11-1998,3.40625,3.585937976837158,2129600,3.601562976837158,3.568358898162842,3.049111604690552
06-11-1998,3.5,3.585937976837158,1902400,3.625,3.59375,3.070807933807373
09-11-1998,3.507812976837158,3.59375,1481600,3.6875,3.625,3.09751033782959
10-11-1998,3.570312976837158,3.570312976837158,2419200,3.78125,3.757812976837158,3.2109968662261963
11-11-1998,3.789062976837158,3.789062976837158,2369600,3.96875,3.945312976837158,3.37121319770813
12-11-1998,3.640625,3.929687976837158,2552000,3.957031011581421,3.6875,3.1509153842926025
13-11-1998,3.492187976837158,3.640625,3340800,3.6875,3.523437976837158,3.0107264518737797
16-11-1998,3.4375,3.546875,1276800,3.609375,3.460937976837158,2.9573216438293457
17-11-1998,3.3125,3.4375,2508000,3.53125,3.40625,2.9105916023254395
18-11-1998,3.421875,3.421875,3126400,3.859375,3.796875,3.244374990463257
19-11-1998,3.71875,3.96875,2343200,3.96875,3.882812976837158,3.31780743598938
20-11-1998,3.710937976837158,3.890625,1722400,3.890625,3.78125,3.2310233116149902
23-11-1998,3.78125,3.828125,3314400,4.046875,4.03125,3.444644927978516
24-11-1998,3.9375,4.046875,1371200,4.1875,4.078125,3.484699010848999
25-11-1998,4.0,4.109375,628800,4.234375,4.203125,3.5915093421936035
27-11-1998,4.109375,4.109375,225600,4.21875,4.21875,3.60486102104187
30-11-1998,4.15625,4.28125,538400,4.28125,4.265625,3.644915819168091
01-12-1998,4.09375,4.171875,1806400,4.234375,4.140625,3.538104295730591
02-12-1998,4.03125,4.125,2628800,4.585937976837158,4.328125,3.69831919670105
03-12-1998,4.0,4.40625,2153600,4.421875,4.109375,3.5114009380340576
04-12-1998,3.890625,4.125,2716000,4.21875,4.0,3.417942762374878
07-12-1998,4.0625,4.09375,2374400,4.257812976837158,4.257812976837158,3.638239622116089
08-12-1998,4.3125,4.34375,3260800,4.625,4.59375,3.925292491912842
09-12-1998,4.53125,4.578125,3282400,4.90625,4.875,4.165616512298584
10-12-1998,4.78125,4.875,2373600,5.125,4.859375,4.152266979217529
11-12-1998,4.796875,4.8125,1197600,4.90625,4.90625,4.192319393157959
14-12-1998,4.875,4.96875,1080000,4.984375,4.898437976837158,4.185644626617432
15-12-1998,4.898437976837158,4.953125,1952000,5.203125,5.125,4.379238128662109
16-12-1998,5.09375,5.109375,2730400,5.375,5.296875,4.526102066040039
17-12-1998,5.25,5.3125,2821600,5.40625,5.28125,4.512752056121826
18-12-1998,5.15625,5.25,1505600,5.265625,5.203125,4.445995807647705
21-12-1998,5.34375,5.390625,1584800,5.84375,5.546875,4.739725112915039
22-12-1998,5.28125,5.59375,2798400,5.609375,5.546875,4.739725112915039
23-12-1998,5.515625,5.5625,1230400,5.671875,5.632812976837158,4.813156604766846
24-12-1998,5.625,5.640625,732800,5.726562976837158,5.625,4.806480407714844
28-12-1998,5.640625,5.71875,1674400,5.96875,5.765625,4.926644325256348
29-12-1998,5.75,5.90625,658400,5.90625,5.8125,4.966697692871094
30-12-1998,5.75,5.84375,1312000,6.0,5.90625,5.0468058586120605
31-12-1998,5.65625,5.96875,1430400,6.03125,5.671875,4.846537113189697
04-01-1999,5.265625,5.65625,1389600,5.6875,5.34375,4.566155910491943
05-01-1999,4.90625,5.359375,2664000,5.359375,5.0,4.2724289894104
06-01-1999,4.625,4.921875,2791200,5.03125,4.84375,4.138914585113525
07-01-1999,4.59375,4.703125,2016800,4.984375,4.875,4.165616512298584
08-01-1999,4.984375,5.125,2367200,5.269530773162842,5.242187976837158,4.479374408721924
11-01-1999,5.234375,5.328125,1132000,5.390625,5.28125,4.512752056121826
12-01-1999,5.25,5.25,1244000,5.601562976837158,5.359375,4.579507827758789
13-01-1999,5.0,5.046875,1136800,5.34375,5.3125,4.539453506469727
14-01-1999,5.320312976837158,5.40625,1152000,5.421875,5.390625,4.606211185455322
15-01-1999,5.359375,5.375,524800,5.59375,5.59375,4.779778003692627
19-01-1999,5.484375,5.484375,1341600,5.859375,5.796875,4.95334529876709
20-01-1999,5.796875,5.859375,1842400,6.203125,6.148437976837158,5.253753185272217
21-01-1999,5.96875,6.15625,1636800,6.15625,6.0,5.1269145011901855
22-01-1999,5.75,5.828125,1324000,6.226562976837158,6.1875,5.287130355834961
25-01-1999,6.09375,6.1875,796800,6.515625,6.429687976837158,5.494076728820801
26-01-1999,6.09375,6.5,672800,6.5,6.195312976837158,5.293805599212647
27-01-1999,5.742187976837158,6.023437976837158,1184800,6.148437976837158,6.023437976837158,5.146940231323242
28-01-1999,6.015625,6.109375,168800,6.25,6.125,5.233726978302002
29-01-1999,6.09375,6.109375,1040000,6.34375,6.15625,5.260426044464111
01-02-1999,6.125,6.15625,531200,6.296875,6.25,5.340534687042236
02-02-1999,5.703125,6.171875,3806400,6.1875,5.734375,4.899940490722656
03-02-1999,5.3125,5.625,1111200,5.671875,5.375,4.592860698699951
04-02-1999,5.34375,5.4375,2776800,5.46875,5.375,4.592860698699951
05-02-1999,5.09375,5.4375,3316800,5.4375,5.15625,4.405941486358643
08-02-1999,4.5,5.09375,2201600,5.15625,4.8125,4.11221170425415
09-02-1999,4.671875,4.796875,2206400,4.84375,4.71875,4.032103538513184
10-02-1999,4.5,4.75,2370400,4.875,4.625,3.9519972801208496
11-02-1999,4.34375,4.671875,1387200,4.875,4.484375,3.831833839416504
12-02-1999,4.3125,4.375,1623200,4.609375,4.4375,3.791779041290283
16-02-1999,4.3125,4.375,1505600,4.515625,4.5,3.845185279846192
17-02-1999,4.171875,4.515625,534400,4.515625,4.234375,3.618212938308716
18-02-1999,3.71875,4.1875,1529600,4.28125,3.734375,3.190969467163086
19-02-1999,4.09375,4.101562976837158,10755200,4.1875,4.1875,3.578157663345337
22-02-1999,4.1875,4.265625,6036800,4.4375,4.25,3.631564140319824
23-02-1999,4.09375,4.3125,1811200,4.3125,4.140625,3.538104295730591
24-02-1999,3.875,4.125,3868000,4.15625,3.929687976837158,3.3578615188598637
25-02-1999,3.515625,3.90625,1668800,3.953125,3.796875,3.244374990463257
26-02-1999,3.75,3.75,1179200,3.921875,3.875,3.3111319541931152
01-03-1999,3.828125,3.953125,2615200,3.953125,3.882812976837158,3.31780743598938
02-03-1999,3.9375,4.015625,2814400,4.28125,4.21875,3.60486102104187
03-03-1999,4.171875,4.210937976837158,1648800,4.25,4.226562976837158,3.611536741256714
04-03-1999,4.25,4.25,2268800,4.515625,4.46875,3.818482160568237
05-03-1999,4.5,4.609375,2696800,4.632812976837158,4.5625,3.898590564727783
08-03-1999,4.53125,4.53125,2489600,4.875,4.742187976837158,4.052130699157715
09-03-1999,4.648437976837158,4.703125,2192800,4.742187976837158,4.695312976837158,4.012077331542969
10-03-1999,4.625,4.734375,1636000,4.8125,4.640625,3.965346097946167
11-03-1999,4.640625,4.6875,1788000,4.734375,4.710937976837158,4.025428771972656
12-03-1999,4.671875,4.8125,2326400,4.84375,4.710937976837158,4.025428771972656
15-03-1999,4.382812976837158,4.71875,916800,4.71875,4.59375,3.925292491912842
16-03-1999,4.390625,4.59375,1196800,4.695312976837158,4.6875,4.005402088165283
17-03-1999,4.515625,4.703125,704800,4.703125,4.515625,3.8585364818573
18-03-1999,4.40625,4.515625,900000,4.515625,4.4375,3.791779041290283
19-03-1999,4.125,4.421875,1291200,4.46875,4.15625,3.5514559745788574
22-03-1999,3.539062976837158,4.203125,2011200,4.203125,3.546875,3.0307540893554688
23-03-1999,2.796875,3.46875,11604000,3.46875,2.875,2.456646680831909
24-03-1999,2.6875,2.9375,6098400,3.203125,2.96875,2.53675389289856
25-03-1999,2.96875,3.078125,4439200,3.28125,3.203125,2.737024545669556
26-03-1999,3.171875,3.210937976837158,3236800,3.421875,3.421875,2.923942804336548
29-03-1999,3.46875,3.539062976837158,1719200,3.742187976837158,3.6875,3.1509153842926025
30-03-1999,3.578125,3.59375,2086400,3.765625,3.625,3.09751033782959
31-03-1999,3.3125,3.6875,3900000,3.6875,3.53125,3.0174028873443604
01-04-1999,3.046875,3.375,1436000,3.40625,3.1875,2.723672389984131
05-04-1999,2.75,3.148437976837158,1958400,3.203125,2.796875,2.389889001846313
06-04-1999,2.726562976837158,2.890625,4084000,2.90625,2.765625,2.363187074661255
07-04-1999,2.710937976837158,2.835937976837158,2975200,2.875,2.75,2.3498353958129883
08-04-1999,2.398437976837158,2.6875,5768800,2.695312976837158,2.46875,2.109511613845825
09-04-1999,2.460937976837158,2.5,2678400,2.84375,2.8125,2.403240203857422
12-04-1999,2.8125,2.90625,2304000,2.90625,2.828125,2.416592121124268
13-04-1999,2.828125,2.859375,1182400,3.046875,2.9375,2.510051012039185
14-04-1999,2.9375,3.046875,2918400,3.875,3.742187976837158,3.197645664215088
15-04-1999,3.4375,3.890625,3732000,4.0,3.640625,3.1108615398406982
16-04-1999,3.5625,3.578125,1412800,3.796875,3.648437976837158,3.1175379753112797
19-04-1999,3.550781011581421,3.65625,2647200,3.90625,3.550781011581421,3.034090757369995
20-04-1999,3.546875,3.71875,1220800,3.757812976837158,3.757812976837158,3.2109968662261963
21-04-1999,3.523437976837158,3.671875,436800,3.734375,3.546875,3.0307540893554688
22-04-1999,3.5,3.5,1147200,3.671875,3.5625,3.044105529785156
23-04-1999,3.46875,3.59375,1052000,3.671875,3.53125,3.0174028873443604
26-04-1999,3.199218988418579,3.5625,1009600,3.5625,3.382812976837158,2.890564441680908
27-04-1999,3.34375,3.34375,1248800,3.5,3.46875,2.9639968872070312
28-04-1999,3.359375,3.5,567200,3.5,3.367187976837158,2.877213716506958
29-04-1999,3.359375,3.390625,256800,3.5,3.367187976837158,2.877213716506958
30-04-1999,3.304687976837158,3.4375,908000,3.46875,3.304687976837158,2.8238089084625244
03-05-1999,3.3125,3.359375,533600,3.578125,3.4375,2.937294244766236
04-05-1999,3.4375,3.5,740000,3.5625,3.53125,3.0174028873443604
05-05-1999,3.515625,3.515625,1399200,4.046875,4.03125,3.444644927978516
06-05-1999,3.75,4.0,850400,4.039062976837158,3.898437976837158,3.3311591148376465
07-05-1999,3.8125,3.8125,1014400,4.03125,4.0,3.417942762374878
10-05-1999,4.0625,4.125,1257600,4.203125,4.132812976837158,3.5314297676086426
11-05-1999,4.109375,4.140625,824800,4.375,4.328125,3.69831919670105
12-05-1999,4.25,4.359375,1638400,4.515625,4.46875,3.818482160568237
13-05-1999,4.46875,4.507812976837158,762400,4.640625,4.640625,3.965346097946167
14-05-1999,4.25,4.578125,1254400,4.625,4.328125,3.69831919670105
17-05-1999,4.03125,4.28125,354400,4.34375,4.140625,3.538104295730591
18-05-1999,4.03125,4.203125,203200,4.203125,4.046875,3.457996129989624
19-05-1999,3.734375,4.046875,731200,4.09375,3.75,3.204320907592773
20-05-1999,3.765625,3.78125,678400,4.015625,3.960937976837158,3.384564161300659
21-05-1999,3.828125,4.0,759200,4.0,3.859375,3.297780752182007
24-05-1999,3.210937976837158,3.890625,823200,3.890625,3.382812976837158,2.890564441680908
25-05-1999,3.21875,3.375,2626400,3.375,3.296875,2.8171322345733643
26-05-1999,3.359375,3.375,679200,3.5625,3.5625,3.044105529785156
27-05-1999,3.523437976837158,3.625,791200,3.625,3.53125,3.0174028873443604
28-05-1999,3.484375,3.484375,1279200,3.539062976837158,3.507812976837158,2.99737548828125
01-06-1999,3.492187976837158,3.570312976837158,492800,3.625,3.625,3.09751033782959
02-06-1999,3.46875,3.671875,600000,3.671875,3.546875,3.0307540893554688
03-06-1999,3.5,3.578125,412800,3.65625,3.59375,3.070807933807373
04-06-1999,3.546875,3.5625,1078400,4.296875,4.0,3.417942762374878
07-06-1999,3.945312976837158,4.015625,1796800,4.5,4.5,3.845185279846192
08-06-1999,4.09375,4.40625,1061600,4.625,4.359375,3.72502326965332
09-06-1999,4.1875,4.34375,248800,4.46875,4.296875,3.671617984771729
10-06-1999,4.0625,4.3125,579200,4.3125,4.265625,3.644915819168091
11-06-1999,4.1875,4.28125,455200,4.296875,4.203125,3.5915093421936035
14-06-1999,4.1875,4.1875,1232800,4.453125,4.40625,3.7650763988494873
15-06-1999,4.15625,4.40625,561600,4.53125,4.15625,3.5514559745788574
16-06-1999,4.234375,4.234375,143200,4.34375,4.304687976837158,3.678293228149414
17-06-1999,4.125,4.3125,914400,4.34375,4.125,3.524752616882324
18-06-1999,3.96875,4.242187976837158,548800,4.242187976837158,4.15625,3.5514559745788574
21-06-1999,4.15625,4.21875,674400,4.304687976837158,4.257812976837158,3.638239622116089
22-06-1999,4.164062976837158,4.265625,1072000,4.375,4.3125,3.684968948364258
23-06-1999,4.101562976837158,4.289062976837158,501600,4.320312976837158,4.125,3.524752616882324
24-06-1999,3.75,4.203125,935200,4.203125,3.914062976837158,3.3445112705230717
25-06-1999,3.890625,3.9375,1325600,4.125,4.0625,3.4713470935821533
28-06-1999,4.0625,4.0625,585600,4.21875,4.15625,3.5514559745788574
29-06-1999,4.0625,4.203125,1132000,4.203125,4.0625,3.4713470935821533
30-06-1999,4.09375,4.15625,532000,4.171875,4.148437976837158,3.544780731201172
01-07-1999,4.148437976837158,4.1875,473600,4.390625,4.25,3.631564140319824
02-07-1999,4.203125,4.375,252000,4.390625,4.296875,3.671617984771729
06-07-1999,4.140625,4.359375,360800,4.359375,4.15625,3.5514559745788574
07-07-1999,3.8125,4.09375,1726400,4.148437976837158,3.8125,3.257726192474365
08-07-1999,3.742187976837158,3.824218988418579,749600,3.835937976837158,3.78125,3.2310233116149902
09-07-1999,3.859375,3.875,1666400,4.328125,4.203125,3.5915093421936035
12-07-1999,4.125,4.3125,728800,4.359375,4.15625,3.5514559745788574
13-07-1999,4.046875,4.101562976837158,1293600,4.296875,4.234375,3.618212938308716
14-07-1999,4.148437976837158,4.3125,1491200,4.3125,4.164062976837158,3.558131456375122
15-07-1999,4.101562976837158,4.179687976837158,1297600,4.21875,4.15625,3.5514559745788574
16-07-1999,4.140625,4.15625,544000,4.359375,4.25,3.631564140319824
19-07-1999,3.875,4.21875,891200,4.25,3.953125,3.3778882026672363
20-07-1999,3.734375,3.867187976837158,1313600,3.890625,3.757812976837158,3.2109968662261963
21-07-1999,3.734375,3.734375,916000,3.828125,3.828125,3.271078109741211
22-07-1999,3.75,3.824218988418579,274400,3.84375,3.78125,3.2310233116149902
23-07-1999,3.625,3.796875,228000,3.8125,3.695312976837158,3.1575915813446045
26-07-1999,3.5625,3.671875,589600,3.71875,3.5625,3.044105529785156
27-07-1999,3.515625,3.671875,907200,3.671875,3.523437976837158,3.0107264518737797
28-07-1999,3.515625,3.539062976837158,745600,3.8125,3.695312976837158,3.1575915813446045
29-07-1999,3.265625,3.6875,1935200,3.6875,3.335937976837158,2.850511074066162
30-07-1999,3.339843988418579,3.339843988418579,4293600,3.578125,3.5625,3.044105529785156
02-08-1999,3.546875,3.546875,1688000,3.765625,3.734375,3.190969467163086
03-08-1999,3.71875,3.75,2408000,3.890625,3.75,3.204320907592773
04-08-1999,3.695312976837158,3.71875,620000,3.78125,3.703125,3.164267301559448
05-08-1999,3.671875,3.765625,1790400,3.875,3.789062976837158,3.2376997470855717
06-08-1999,3.75,3.765625,577600,3.84375,3.796875,3.244374990463257
09-08-1999,3.8125,3.828125,532800,4.046875,3.929687976837158,3.3578615188598637
10-08-1999,3.875,4.0,929600,4.0,3.953125,3.3778882026672363
11-08-1999,3.90625,3.90625,287200,4.0,4.0,3.417942762374878
12-08-1999,3.953125,4.0,736800,4.140625,4.125,3.524752616882324
13-08-1999,4.03125,4.109375,489600,4.15625,4.046875,3.457996129989624
16-08-1999,3.859375,4.023437976837158,734400,4.085937976837158,3.992187976837158,3.411267042160034
17-08-1999,3.9375,3.984375,612800,4.015625,3.984375,3.404590606689453
18-08-1999,3.90625,3.953125,104000,4.0,3.953125,3.3778882026672363
19-08-1999,3.742187976837158,3.9375,771200,4.0,3.828125,3.271078109741211
20-08-1999,3.828125,3.84375,389600,3.929687976837158,3.875,3.3111319541931152
23-08-1999,3.890625,3.933593988418579,204800,4.0,3.984375,3.404590606689453
24-08-1999,3.90625,3.984375,271200,4.015625,3.921875,3.3511853218078613
25-08-1999,3.921875,3.929687976837158,507200,4.140625,4.109375,3.5114009380340576
26-08-1999,3.921875,4.117187976837158,1572800,4.117187976837158,3.960937976837158,3.384564161300659
27-08-1999,3.90625,3.96875,1028000,3.96875,3.929687976837158,3.3578615188598637
30-08-1999,3.75,3.914062976837158,452800,3.929687976837158,3.75,3.204320907592773
31-08-1999,3.46875,3.84375,1061600,3.84375,3.46875,2.9639968872070312
01-09-1999,3.53125,3.71875,394400,3.734375,3.578125,3.0574562549591064
02-09-1999,3.484375,3.5625,335200,3.59375,3.484375,2.9773483276367188
03-09-1999,3.421875,3.5625,464800,3.5625,3.515625,3.004051446914673
07-09-1999,3.4375,3.558593988418579,460800,3.578125,3.484375,2.9773483276367188
08-09-1999,3.4375,3.484375,151200,3.5,3.4375,2.937294244766236
09-09-1999,3.4375,3.503906011581421,592000,3.53125,3.484375,2.9773483276367188
10-09-1999,3.484375,3.519531011581421,153600,3.554687976837158,3.492187976837158,2.9840240478515625
13-09-1999,3.4375,3.492187976837158,153600,3.5,3.4375,2.937294244766236
14-09-1999,3.441406011581421,3.441406011581421,1419200,3.609375,3.546875,3.0307540893554688
15-09-1999,3.4375,3.59375,276800,3.59375,3.5,2.990699052810669
16-09-1999,3.234375,3.492187976837158,611200,3.5,3.28125,2.803781270980835
17-09-1999,3.15625,3.289062976837158,2170400,3.296875,3.1875,2.723672389984131
20-09-1999,2.914062976837158,3.203125,2832800,3.234375,2.953125,2.5234029293060303
21-09-1999,2.996093988418579,2.996093988418579,1862400,3.101562976837158,3.046875,2.603510618209839
22-09-1999,3.078125,3.078125,5083200,3.390625,3.390625,2.897239923477173
23-09-1999,3.125,3.40625,910400,3.5625,3.125,2.670267343521118
24-09-1999,3.078125,3.179687976837158,543200,3.265625,3.265625,2.7904295921325684
27-09-1999,3.326172113418579,3.328125,391200,3.484375,3.476562976837158,2.970672845840454
28-09-1999,3.453125,3.476562976837158,1764000,3.5625,3.554687976837158,3.0374295711517334
29-09-1999,3.554687976837158,3.585937976837158,1896000,3.835937976837158,3.828125,3.271078109741211
30-09-1999,3.796875,3.890625,1296800,4.140625,4.140625,3.538104295730591
01-10-1999,3.953125,4.109375,595200,4.109375,4.09375,3.4980504512786865
04-10-1999,4.0625,4.0625,800800,4.203125,4.1875,3.578157663345337
05-10-1999,3.921875,4.171875,1380000,4.171875,4.0,3.417942762374878
06-10-1999,3.828125,4.015625,204800,4.015625,3.84375,3.284428834915161
07-10-1999,3.6875,3.84375,248800,3.84375,3.734375,3.190969467163086
08-10-1999,3.703125,3.703125,344800,3.734375,3.703125,3.164267301559448
11-10-1999,3.640625,3.71875,231200,3.71875,3.664062976837158,3.130888700485229
12-10-1999,3.40625,3.632812976837158,755200,3.632812976837158,3.40625,2.9105916023254395
13-10-1999,3.25,3.40625,820800,3.40625,3.257812976837158,2.783754348754883
14-10-1999,3.25,3.289062976837158,464000,3.3125,3.3125,2.8304831981658936
15-10-1999,3.21875,3.25,530400,3.421875,3.421875,2.923942804336548
18-10-1999,3.289062976837158,3.390625,120000,3.390625,3.375,2.8838884830474854
19-10-1999,3.34375,3.390625,560000,3.421875,3.34375,2.857185840606689
20-10-1999,3.359375,3.375,568800,3.5,3.5,2.990699052810669
21-10-1999,3.34375,3.46875,239200,3.476562976837158,3.351562976837158,2.8638617992401123
22-10-1999,3.1875,3.382812976837158,278400,3.390625,3.1875,2.723672389984131
25-10-1999,3.21875,3.234375,742400,3.28125,3.21875,2.750375509262085
26-10-1999,3.234375,3.234375,1067200,3.453125,3.453125,2.950645685195923
27-10-1999,3.4375,3.515625,234400,3.546875,3.445312976837158,2.943969964981079
28-10-1999,3.632812976837158,3.640625,1497600,4.203125,4.070312976837158,3.4780232906341557
29-10-1999,4.109375,4.125,1076800,4.375,4.328125,3.69831919670105
01-11-1999,4.234375,4.25,1014400,4.4375,4.359375,3.72502326965332
02-11-1999,4.34375,4.367187976837158,577600,4.421875,4.382812976837158,3.745051383972168
03-11-1999,4.328125,4.390625,1174400,4.546875,4.492187976837158,3.838509559631348
04-11-1999,4.390625,4.492187976837158,399200,4.5,4.484375,3.831833839416504
05-11-1999,4.28125,4.484375,776000,4.53125,4.28125,3.65826678276062
08-11-1999,4.0625,4.203125,576000,4.234375,4.070312976837158,3.4780232906341557
09-11-1999,4.0,4.007812976837158,839200,4.046875,4.03125,3.444644927978516
10-11-1999,4.015625,4.046875,264000,4.078125,4.0625,3.4713470935821533
11-11-1999,4.0625,4.0625,288800,4.1875,4.171875,3.564807176589966
12-11-1999,4.171875,4.171875,346400,4.359375,4.320312976837158,3.691646099090576
15-11-1999,4.296875,4.320312976837158,220800,4.367187976837158,4.328125,3.69831919670105
16-11-1999,4.28125,4.34375,579200,4.46875,4.46875,3.818482160568237
17-11-1999,4.46875,4.484375,316800,4.53125,4.53125,3.8718886375427246
18-11-1999,4.578125,4.578125,208000,4.640625,4.632812976837158,3.958672046661377
19-11-1999,4.664062976837158,4.664062976837158,868800,4.960937976837158,4.898437976837158,4.185644626617432
22-11-1999,4.71875,4.898437976837158,1808800,4.898437976837158,4.726562976837158,4.038779258728027
23-11-1999,4.726562976837158,4.726562976837158,360800,4.84375,4.84375,4.138914585113525
24-11-1999,4.84375,5.25,4176000,5.25,4.875,4.165616512298584
26-11-1999,5.054687976837158,5.15625,567200,5.15625,5.0625,4.325833797454834
29-11-1999,4.953125,5.09375,717600,5.09375,5.046875,4.312479972839356
30-11-1999,4.960937976837158,5.015625,654400,5.03125,5.007812976837158,4.2791032791137695
01-12-1999,5.0,5.03125,1146400,5.140625,5.125,4.379238128662109
02-12-1999,5.039062976837158,5.109375,980000,5.117187976837158,5.070312976837158,4.332509517669678
03-12-1999,5.046875,5.0625,698400,5.140625,5.09375,4.352535247802734
06-12-1999,5.125,5.125,1623200,5.234375,5.234375,4.472698211669922
07-12-1999,5.234375,5.234375,763200,5.46875,5.4375,4.646265029907227
08-12-1999,5.421875,5.4375,700800,5.53125,5.460937976837158,4.6662917137146
09-12-1999,5.453125,5.46875,1221600,5.875,5.78125,4.939992904663086
10-12-1999,5.59375,5.84375,1852800,5.96875,5.617187976837158,4.799806594848633
13-12-1999,5.5,5.6875,364800,5.703125,5.546875,4.739725112915039
14-12-1999,5.390625,5.53125,286400,5.53125,5.4375,4.646265029907227
15-12-1999,5.171875,5.375,1056800,5.375,5.25,4.486048221588135
16-12-1999,5.0,5.25,200800,5.25,5.0,4.2724289894104
17-12-1999,4.882812976837158,5.0,371200,5.015625,5.0,4.2724289894104
20-12-1999,4.976562976837158,5.0,352000,5.1875,5.171875,4.419291019439697
21-12-1999,5.09375,5.171875,322400,5.203125,5.203125,4.445995807647705
22-12-1999,5.03125,5.203125,450400,5.210937976837158,5.03125,4.299128532409668
23-12-1999,5.03125,5.03125,232000,5.125,5.078125,4.3391828536987305
27-12-1999,5.09375,5.117187976837158,255200,5.125,5.101562976837158,4.359212398529053
28-12-1999,4.984375,5.101562976837158,512800,5.101562976837158,5.03125,4.299128532409668
29-12-1999,4.890625,5.03125,568800,5.03125,4.890625,4.178968906402588
30-12-1999,4.890625,4.90625,114400,5.015625,4.976562976837158,4.252401351928711
31-12-1999,5.0,5.0,362400,5.28125,5.21875,4.459348201751709
03-01-2000,5.0625,5.28125,770400,5.28125,5.109375,4.36588716506958
04-01-2000,5.046875,5.0625,620800,5.125,5.085937976837158,4.345861911773682
05-01-2000,4.992187976837158,5.078125,845600,5.109375,5.085937976837158,4.345861911773682
06-01-2000,5.0625,5.085937976837158,265600,5.125,5.09375,4.352535247802734
07-01-2000,5.09375,5.109375,1012800,5.148437976837158,5.109375,4.36588716506958
10-01-2000,5.0625,5.140625,973600,5.171875,5.171875,4.419291019439697
11-01-2000,5.171875,5.28125,300800,5.375,5.203125,4.445995807647705
12-01-2000,5.0625,5.21875,419200,5.21875,5.109375,4.36588716506958
13-01-2000,5.109375,5.109375,1065600,5.4375,5.421875,4.632914543151856
14-01-2000,5.296875,5.375,999200,5.5,5.304687976837158,4.532780647277832
18-01-2000,5.375,5.375,903200,5.609375,5.609375,4.793131351470947
19-01-2000,5.625,5.625,996800,5.742187976837158,5.734375,4.899940490722656
20-01-2000,5.796875,5.828125,563200,6.046875,6.046875,5.166966915130615
21-01-2000,6.125,6.125,1504000,6.890625,6.8125,5.821183204650879
24-01-2000,6.78125,6.8125,1003200,7.125,6.859375,5.861236572265625
25-01-2000,6.171875,6.875,2020000,6.875,6.242187976837158,5.333859920501709
26-01-2000,5.828125,6.257812976837158,1252000,6.257812976837158,5.984375,5.113560676574707
27-01-2000,5.5,5.984375,848800,5.984375,5.59375,4.779778003692627
28-01-2000,5.40625,5.59375,2183200,5.804687976837158,5.5,4.699670791625977
31-01-2000,5.265625,5.5,964800,5.5,5.375,4.592860698699951
01-02-2000,5.3125,5.34375,1068800,5.5625,5.546875,4.739725112915039
02-02-2000,5.3125,5.539062976837158,312000,5.703125,5.34375,4.566155910491943
03-02-2000,6.0,6.234375,2494400,6.5,6.382812976837158,5.454020023345947
04-02-2000,6.484375,6.5,2258400,6.96875,6.820312976837158,5.827858924865723
07-02-2000,6.828125,6.828125,1303200,7.46875,6.9375,5.927993774414063
08-02-2000,6.71875,6.9375,1018400,7.09375,7.0,5.981398105621338
09-02-2000,7.125,7.125,1652000,7.46875,7.320312976837158,6.255102634429932
10-02-2000,7.320312976837158,7.320312976837158,823200,7.625,7.625,6.5154523849487305
11-02-2000,7.09375,7.625,446400,7.625,7.1875,6.141615867614746
14-02-2000,7.1875,7.1875,395200,7.25,7.210937976837158,6.161641597747803
15-02-2000,7.070312976837158,7.234375,536000,7.234375,7.078125,6.048156261444092
16-02-2000,7.0,7.109375,235200,7.140625,7.070312976837158,6.041479110717773
17-02-2000,7.0625,7.140625,860000,7.171875,7.109375,6.07485818862915
18-02-2000,7.09375,7.109375,677600,7.195312976837158,7.15625,6.114912509918213
22-02-2000,7.140625,7.234375,747200,7.445312976837158,7.421875,6.341884613037109
23-02-2000,7.265625,7.390625,1535200,7.5,7.460937976837158,6.375263214111328
24-02-2000,7.546875,7.546875,1708800,8.75,8.578125,7.329885482788086
25-02-2000,8.296875,8.625,2537600,9.125,8.515625,7.276478290557861
28-02-2000,8.84375,8.96875,1039200,9.273438453674316,9.25,7.903994560241699
29-02-2000,9.226563453674316,9.59375,2193600,9.59375,9.328125,7.970749378204346
01-03-2000,9.5,9.625,1716000,9.90625,9.882813453674316,8.444722175598145
02-03-2000,9.664063453674316,10.015625,1100000,10.046875,9.8125,8.384638786315918
03-03-2000,9.6875,9.71875,696800,9.84375,9.703125,8.291181564331055
06-03-2000,9.625,9.703125,707200,9.867188453674316,9.867188453674316,8.431374549865723
07-03-2000,9.5625,9.875,768000,9.9375,9.648438453674316,8.244451522827148
08-03-2000,9.132813453674316,9.515625,1144000,9.640625,9.640625,8.237774848937988
09-03-2000,9.75,9.75,623200,9.921875,9.875,8.4380464553833
10-03-2000,9.375,9.875,586400,9.875,9.40625,8.037504196166992
13-03-2000,9.023438453674316,9.28125,644000,9.359375,9.09375,7.770479202270508
14-03-2000,7.25,8.859375,2542400,8.859375,7.5,6.408641815185547
15-03-2000,7.46875,7.5,1606400,8.4375,8.3125,7.102911949157715
16-03-2000,8.5,8.5,720000,9.1875,9.1875,7.850584983825684
17-03-2000,9.0,9.09375,553600,9.15625,9.125,7.797181129455566
20-03-2000,9.039063453674316,9.0625,345600,9.132813453674316,9.09375,7.770479202270508
21-03-2000,8.96875,9.0625,534400,9.234375,9.234375,7.890641689300537
22-03-2000,9.234375,9.234375,686400,9.921875,9.90625,8.46474838256836
23-03-2000,9.859375,9.90625,1524000,10.171875,9.875,8.4380464553833
24-03-2000,8.78125,9.84375,1370400,9.84375,8.882813453674316,7.590236186981201
27-03-2000,8.5,9.054688453674316,1789600,9.164063453674316,8.5,7.263128280639648
28-03-2000,8.71875,8.71875,1624800,9.15625,9.085938453674316,7.763801097869873
29-03-2000,8.609375,9.085938453674316,860000,9.1875,8.625,7.369937896728516
30-03-2000,8.4375,8.4375,1351200,8.867188453674316,8.695313453674316,7.4300217628479
31-03-2000,8.78125,8.78125,804000,8.96875,8.921875,7.623613834381103
03-04-2000,9.03125,9.03125,407200,9.75,9.21875,7.877288818359375
04-04-2000,7.5,9.21875,594400,9.21875,7.90625,6.755776405334473
05-04-2000,7.984375,8.1875,1262400,8.96875,8.75,7.476747512817383
06-04-2000,8.28125,8.75,311600,8.765625,8.34375,7.129614353179932
07-04-2000,8.40625,8.5625,170800,8.625,8.546875,7.303181171417236
10-04-2000,8.515625,8.515625,539600,9.4375,9.109375,7.783829212188721
11-04-2000,8.1875,9.40625,672400,9.65625,8.3125,7.102911949157715
12-04-2000,8.0625,8.4375,326000,8.6875,8.0625,6.889289855957031
13-04-2000,7.1875,8.0625,734000,8.15625,7.28125,6.2217230796813965
14-04-2000,7.28125,7.3125,1764000,7.40625,7.375,6.301830768585205
17-04-2000,7.0625,7.0625,695600,7.625,7.359375,6.288480758666992
18-04-2000,7.453125,7.453125,335200,8.59375,8.59375,7.343235969543457
19-04-2000,8.1875,8.3125,311200,8.5625,8.3125,7.102911949157715
20-04-2000,7.921875,8.3125,163600,8.46875,7.953125,6.795831680297852
24-04-2000,6.6875,7.953125,734000,7.953125,6.75,5.767776966094971
25-04-2000,7.125,7.125,664400,7.6875,7.609375,6.502100467681885
26-04-2000,7.75,7.75,862800,8.46875,8.46875,7.236425876617432
27-04-2000,8.25,8.40625,522000,8.625,8.46875,7.236425876617432
28-04-2000,8.5,8.65625,438800,8.9375,8.5,7.263128280639648
01-05-2000,8.875,8.875,456800,9.65625,9.515625,8.130964279174805
02-05-2000,8.9375,9.53125,670400,9.53125,9.0,7.690370559692383
03-05-2000,6.59375,7.25,3587200,7.40625,6.96875,5.9546966552734375
04-05-2000,6.828125,7.25,2602400,7.3125,6.96875,5.9546966552734375
05-05-2000,6.921875,6.96875,2062800,7.1875,7.1875,6.141615867614746
08-05-2000,7.0,7.3125,1139600,7.375,7.09375,6.0615081787109375
09-05-2000,6.84375,7.125,457600,7.125,6.9375,5.927993774414063
10-05-2000,6.625,6.875,487200,6.875,6.625,5.660966396331787
11-05-2000,6.25,6.5625,626800,6.625,6.25,5.340534687042236
12-05-2000,6.0,6.25,1312800,6.34375,6.03125,5.1536173820495605
15-05-2000,5.859375,6.015625,1875200,6.53125,6.53125,5.580859184265137
16-05-2000,6.15625,6.5,1351600,6.5,6.171875,5.273777961730957
17-05-2000,6.171875,6.21875,1874800,6.296875,6.25,5.340534687042236
18-05-2000,6.21875,6.21875,1298400,6.359375,6.25,5.340534687042236
19-05-2000,6.1875,6.203125,405200,6.25,6.25,5.340534687042236
22-05-2000,6.0,6.25,1070000,6.34375,6.0,5.1269145011901855
23-05-2000,5.8125,6.0625,573600,6.0625,5.9375,5.073507785797119
24-05-2000,5.71875,5.9375,311600,5.9375,5.734375,4.899940490722656
25-05-2000,5.5,5.796875,343200,5.875,5.53125,4.72637414932251
26-05-2000,4.9375,5.5,800800,5.65625,5.5,4.699670791625977
30-05-2000,5.625,5.6875,528400,6.03125,5.96875,5.1002116203308105
31-05-2000,5.78125,5.9375,758000,6.0,6.0,5.1269145011901855
01-06-2000,6.09375,6.125,319600,6.21875,6.09375,5.207021236419678
02-06-2000,6.25,6.3125,1111600,6.5,6.328125,5.407291889190674
05-06-2000,6.453125,6.453125,384400,6.734375,6.71875,5.74107551574707
06-06-2000,6.890625,6.9375,314400,7.203125,6.90625,5.901291370391846
07-06-2000,6.40625,7.0,930800,7.03125,6.59375,5.6342644691467285
08-06-2000,6.46875,6.65625,331600,6.6875,6.484375,5.540804386138916
09-06-2000,6.5,6.53125,405200,6.65625,6.546875,5.594210624694824
12-06-2000,6.3125,6.53125,143200,6.53125,6.359375,5.433994770050049
13-06-2000,6.375,6.375,452800,6.78125,6.78125,5.794479846954346
14-06-2000,7.0,7.0,1262000,7.8125,7.5,6.408641815185547
15-06-2000,7.46875,7.5,626000,7.78125,7.640625,6.528804302215576
16-06-2000,7.1875,7.625,637200,7.640625,7.25,6.19502067565918
19-06-2000,7.3125,7.3125,835200,7.71875,7.5625,6.4620466232299805
20-06-2000,7.5,7.65625,629600,7.8125,7.640625,6.528804302215576
21-06-2000,7.46875,7.65625,1152000,7.75,7.484375,6.395290374755859
22-06-2000,7.171875,7.484375,668000,7.484375,7.296875,6.2350754737854
23-06-2000,5.53125,6.6875,4752800,6.6875,6.0,5.1269145011901855
26-06-2000,6.0,6.0,1753200,6.5625,6.421875,5.487400531768799
27-06-2000,6.5,6.625,666400,6.90625,6.65625,5.687669277191162
28-06-2000,6.6875,6.78125,621600,6.875,6.84375,5.847885608673096
29-06-2000,6.5625,7.0,1489600,7.0,6.6875,5.714371681213379
30-06-2000,6.59375,6.6875,510000,6.875,6.6875,5.714371681213379
03-07-2000,6.46875,6.65625,479600,6.65625,6.46875,5.527453899383545
05-07-2000,6.5625,6.75,974000,6.84375,6.59375,5.6342644691467285
06-07-2000,6.625,6.6875,660800,6.6875,6.640625,5.674317836761475
07-07-2000,6.546875,6.640625,764000,6.671875,6.640625,5.674317836761475
10-07-2000,6.5625,6.640625,1001200,6.8125,6.59375,5.6342644691467285
11-07-2000,6.0,6.625,1266000,6.625,6.15625,5.260426044464111
12-07-2000,6.171875,6.1875,2238000,6.359375,6.28125,5.367237567901611
13-07-2000,6.21875,6.25,1490800,6.46875,6.453125,5.514103412628174
14-07-2000,6.5,6.59375,618400,6.59375,6.5625,5.60756254196167
17-07-2000,6.765625,6.8125,978400,6.96875,6.96875,5.9546966552734375
18-07-2000,6.875,6.875,1027600,7.125,7.109375,6.07485818862915
19-07-2000,6.875,7.0625,620800,7.078125,6.90625,5.901291370391846
20-07-2000,6.75,6.90625,1067600,6.90625,6.765625,5.7811279296875
21-07-2000,6.640625,6.765625,468000,6.765625,6.640625,5.674317836761475
24-07-2000,6.59375,6.65625,549200,6.75,6.6875,5.714371681213379
25-07-2000,6.75,6.75,686800,7.03125,7.03125,6.008102893829346
26-07-2000,6.96875,7.03125,1007600,7.53125,7.25,6.19502067565918
27-07-2000,7.15625,7.53125,1550000,7.71875,7.171875,6.1282639503479
28-07-2000,6.75,7.25,799600,7.375,7.0,5.981398105621338
31-07-2000,6.765625,7.1875,638000,7.3125,6.9375,5.927993774414063
01-08-2000,6.953125,6.984375,568400,7.3125,7.234375,6.18166971206665
02-08-2000,7.4375,7.5625,2278400,7.75,7.65625,6.542156219482422
03-08-2000,8.09375,8.1875,2596800,8.5625,8.46875,7.236425876617432
04-08-2000,8.359375,8.5,947600,8.625,8.46875,7.236425876617432
07-08-2000,8.125,8.46875,554400,8.46875,8.203125,7.009451866149902
08-08-2000,7.90625,8.203125,566400,8.203125,8.0,6.835885524749756
09-08-2000,7.25,7.8125,2873600,7.8125,7.484375,6.395290374755859
10-08-2000,7.640625,7.6875,1548400,8.65625,8.3125,7.102911949157715
11-08-2000,8.5,8.75,1200000,9.1875,8.734375,7.463396549224853
14-08-2000,8.40625,8.59375,704400,8.625,8.453125,7.223072528839111
15-08-2000,8.390625,8.515625,593200,8.6875,8.46875,7.236425876617432
16-08-2000,8.53125,8.53125,740000,8.625,8.625,7.369937896728516
17-08-2000,8.609375,8.625,638800,8.71875,8.71875,7.450046539306641
18-08-2000,8.65625,8.75,1279200,8.78125,8.703125,7.436694622039795
21-08-2000,8.703125,8.703125,697200,8.890625,8.828125,7.543506622314453
22-08-2000,8.421875,8.828125,1519200,8.90625,8.5,7.263128280639648
23-08-2000,8.375,8.5,532000,8.5625,8.421875,7.196372032165527
24-08-2000,8.46875,8.5,335200,8.8125,8.75,7.476747512817383
25-08-2000,8.53125,8.765625,385600,8.859375,8.796875,7.516802787780762
28-08-2000,8.8125,8.9375,494400,9.09375,9.0,7.690370559692383
29-08-2000,8.65625,8.9375,176800,8.9375,8.671875,7.409990787506103
30-08-2000,8.296875,8.671875,753200,8.6875,8.6875,7.423343181610107
31-08-2000,8.84375,8.90625,391200,9.203125,9.203125,7.863937854766846
01-09-2000,9.3125,9.3125,847200,9.625,9.59375,8.197721481323242
05-09-2000,9.15625,9.5,348000,9.5,9.328125,7.970749378204346
06-09-2000,9.0,9.3125,440400,9.3125,9.109375,7.783829212188721
07-09-2000,8.875,9.0,311200,9.09375,9.09375,7.770479202270508
08-09-2000,9.0,9.15625,235600,9.203125,9.0,7.690370559692383
11-09-2000,9.09375,9.125,199200,9.28125,9.28125,7.930692195892334
12-09-2000,9.109375,9.375,232000,9.375,9.125,7.797181129455566
13-09-2000,8.875,9.171875,473600,9.171875,8.90625,7.610261917114258
14-09-2000,9.09375,9.125,225200,9.296875,9.28125,7.930692195892334
15-09-2000,8.84375,9.28125,460800,9.40625,9.0,7.690370559692383
18-09-2000,8.71875,9.0,616000,9.0,8.734375,7.463396549224853
19-09-2000,8.515625,8.734375,555600,9.0625,9.046875,7.730424404144287
20-09-2000,8.40625,8.78125,618800,8.84375,8.40625,7.183018684387207
21-09-2000,8.25,8.46875,324400,8.5,8.40625,7.183018684387207
22-09-2000,8.390625,8.4375,248400,8.734375,8.734375,7.463396549224853
25-09-2000,8.734375,8.734375,1089200,9.0,8.8125,7.530152797698975
26-09-2000,7.53125,8.8125,3814800,8.8125,8.0625,6.889289855957031
27-09-2000,7.59375,8.0,1255200,8.09375,7.984375,6.822533130645752
28-09-2000,7.5625,7.984375,1093200,8.109375,8.09375,6.915992259979248
29-09-2000,7.703125,8.03125,1388800,8.21875,7.8125,6.6756696701049805
02-10-2000,7.4375,7.65625,2127600,7.71875,7.6875,6.568857669830322
03-10-2000,7.5625,7.6875,1146000,7.6875,7.625,6.5154523849487305
04-10-2000,6.625,7.53125,4099600,7.59375,7.0,5.981398105621338
05-10-2000,6.328125,7.125,3240000,7.125,6.5625,5.60756254196167
06-10-2000,5.96875,6.5,3660800,6.75,6.75,5.767776966094971
09-10-2000,6.4375,6.75,1304400,6.890625,6.890625,5.887938976287842
10-10-2000,6.65625,6.75,1160000,7.15625,7.09375,6.0615081787109375
11-10-2000,6.90625,7.109375,935600,7.34375,7.203125,6.154967784881592
12-10-2000,6.875,7.25,2144800,7.265625,6.921875,5.914642333984375
13-10-2000,6.609375,6.75,1653200,7.25,7.234375,6.18166971206665
16-10-2000,7.21875,7.234375,400000,7.398437976837158,7.28125,6.2217230796813965
17-10-2000,6.90625,7.296875,1067600,7.328125,7.21875,6.168319225311279
18-10-2000,6.96875,7.09375,1006800,7.125,7.0,5.981398105621338
19-10-2000,6.984375,7.09375,252000,7.234375,7.21875,6.168319225311279
20-10-2000,7.25,7.25,599600,7.875,7.59375,6.488749980926514
23-10-2000,7.25,7.703125,640000,7.796875,7.46875,6.381938934326172
24-10-2000,7.390625,7.53125,501600,7.75,7.59375,6.488749980926514
25-10-2000,7.0,7.578125,984800,7.578125,7.03125,6.008102893829346
26-10-2000,6.984375,7.40625,1670800,7.40625,7.21875,6.168319225311279
27-10-2000,6.75,7.21875,525200,7.21875,6.90625,5.901291370391846
30-10-2000,6.3125,7.03125,1884400,7.03125,6.4375,5.50075101852417
31-10-2000,6.265625,6.4375,2250000,6.703125,6.375,5.447344779968262
01-11-2000,6.390625,6.390625,3124000,7.46875,7.296875,6.2350754737854
02-11-2000,7.265625,7.28125,2198800,8.875,8.3125,7.102911949157715
03-11-2000,8.0625,8.3125,2614400,9.375,8.90625,7.610261917114258
06-11-2000,8.0,8.9375,1380000,8.9375,8.15625,6.969398021697998
07-11-2000,7.90625,8.1875,502400,8.515625,8.125,6.942694187164307
08-11-2000,8.234375,8.25,386800,8.46875,8.4375,7.20972204208374
09-11-2000,8.4375,8.5625,324800,8.78125,8.78125,7.503450393676758
10-11-2000,8.546875,8.78125,477200,8.921875,8.578125,7.329885482788086
13-11-2000,7.96875,8.5625,496800,8.5625,8.390625,7.169669151306152
14-11-2000,8.375,8.375,228400,8.765625,8.5,7.263128280639648
15-11-2000,8.15625,8.5,384800,8.65625,8.65625,7.3966383934021
16-11-2000,8.4375,8.65625,931600,8.8125,8.46875,7.236425876617432
17-11-2000,7.875,8.53125,578400,8.53125,8.125,6.942694187164307
20-11-2000,7.640625,8.21875,658800,8.234375,8.234375,7.036156177520752
21-11-2000,8.0625,8.171875,999600,8.28125,8.1875,6.996100902557373
22-11-2000,8.015625,8.171875,434400,8.25,8.25,7.049505233764648
24-11-2000,8.15625,8.25,699600,8.9375,8.6875,7.423343181610107
27-11-2000,8.84375,8.9375,707200,9.234375,9.234375,7.890641689300537
28-11-2000,8.46875,9.171875,514000,9.171875,8.515625,7.276478290557861
29-11-2000,8.28125,8.546875,414800,8.625,8.625,7.369937896728516
30-11-2000,8.65625,8.65625,858400,9.03125,8.765625,7.4901018142700195
01-12-2000,8.765625,8.765625,343600,9.125,9.09375,7.770479202270508
04-12-2000,8.78125,9.1875,1321600,9.40625,8.78125,7.503450393676758
05-12-2000,8.953125,9.125,1222800,9.21875,9.0,7.690370559692383
06-12-2000,8.78125,9.03125,777200,9.0625,8.8125,7.530152797698975
07-12-2000,8.78125,8.78125,325200,8.953125,8.9375,7.636964321136475
08-12-2000,8.921875,8.921875,460000,9.1875,9.15625,7.823882102966309
11-12-2000,9.25,9.34375,768400,9.46875,9.296875,7.944045543670654
12-12-2000,9.140625,9.296875,396400,9.296875,9.15625,7.823882102966309
13-12-2000,9.1875,9.1875,411200,9.3125,9.203125,7.863937854766846
14-12-2000,8.890625,9.234375,864000,9.296875,8.890625,7.596911907196045
15-12-2000,8.828125,8.84375,1232800,9.46875,9.40625,8.037504196166992
18-12-2000,9.375,9.5,364000,9.671875,9.46875,8.090909957885742
19-12-2000,9.3125,9.4375,316400,9.5625,9.46875,8.090909957885742
20-12-2000,9.375,9.484375,406000,9.625,9.46875,8.090909957885742
21-12-2000,9.375,9.53125,320000,9.59375,9.453125,8.077557563781738
22-12-2000,9.5,9.5,887600,10.28125,10.25,8.758476257324219
26-12-2000,10.265625,10.34375,720400,10.71875,10.265625,8.771828651428223
27-12-2000,9.828125,10.125,786400,10.375,9.828125,8.397990226745605
28-12-2000,9.71875,9.71875,651200,10.375,10.375,8.865286827087402
29-12-2000,9.890625,10.375,782400,10.609375,9.96875,8.51815414428711
02-01-2001,9.828125,10.03125,709600,10.109375,9.84375,8.411345481872559
03-01-2001,10.0,10.0,1550800,10.75,10.75,9.185721397399902
04-01-2001,9.6875,10.75,1487200,10.78125,9.953125,8.504801750183105
05-01-2001,9.5625,9.90625,982000,9.921875,9.671875,8.26447868347168
08-01-2001,9.625,9.671875,595600,9.875,9.8125,8.384638786315918
09-01-2001,9.71875,9.796875,516000,9.9375,9.9375,8.491453170776367
10-01-2001,9.96875,10.0,483600,10.1875,10.09375,8.624959945678711
11-01-2001,10.09375,10.140625,936400,10.28125,10.15625,8.678365707397461
12-01-2001,10.171875,10.21875,581200,10.40625,10.171875,8.691722869873047
16-01-2001,10.078125,10.21875,844000,10.421875,10.078125,8.611612319946289
17-01-2001,10.03125,10.1875,413600,10.34375,10.03125,8.57155990600586
18-01-2001,10.09375,10.09375,374400,10.375,10.375,8.865286827087402
19-01-2001,10.28125,10.375,516000,10.5625,10.53125,8.998799324035645
22-01-2001,10.5,10.5,493600,10.734375,10.65625,9.10561180114746
23-01-2001,10.625,10.625,1090000,10.84375,10.71875,9.159015655517578
24-01-2001,10.640625,10.78125,837200,10.8125,10.671875,9.118962287902832
25-01-2001,10.578125,10.59375,755600,10.8125,10.625,9.078907012939451
26-01-2001,10.203125,10.640625,509200,10.640625,10.3125,8.811882972717285
29-01-2001,10.078125,10.3125,613200,10.31640625,10.265625,8.771828651428223
30-01-2001,10.335938453674316,10.375,398800,10.46875,10.42578125,8.90867805480957
31-01-2001,10.25,10.375,647200,10.5,10.5,8.97209644317627
01-02-2001,10.43359375,10.460938453674316,534000,10.68359375,10.67578125,9.122300148010254
02-02-2001,10.67578125,10.67578125,1498000,11.0625,10.92578125,9.335920333862305
05-02-2001,10.75,11.05078125,1123200,11.34765625,10.851563453674316,9.272505760192873
06-02-2001,9.87890625,10.5,1567200,10.5,10.375,8.865286827087402
07-02-2001,10.37890625,10.4375,304400,10.69921875,10.63671875,9.088924407958984
08-02-2001,10.625,10.6875,425200,10.75,10.726563453674316,9.165692329406738
09-02-2001,10.664063453674316,10.789063453674316,1018800,10.828125,10.82421875,9.249136924743652
12-02-2001,10.921875,10.92578125,446000,11.335938453674316,11.24609375,9.609627723693848
13-02-2001,11.24609375,11.24609375,873200,11.75390625,11.726563453674316,10.020179748535156
14-02-2001,11.32421875,11.523438453674316,1115600,11.523438453674316,11.48828125,9.816572189331056
15-02-2001,11.25,11.273438453674316,313600,11.39453125,11.26953125,9.629653930664062
16-02-2001,10.9375,11.25,249200,11.25,11.05078125,9.442730903625488
20-02-2001,11.164063453674316,11.164063453674316,423600,11.37109375,11.26171875,9.622977256774902
21-02-2001,11.19921875,11.19921875,407200,11.51171875,11.42578125,9.763166427612305
22-02-2001,11.44921875,11.44921875,517200,11.8125,11.75,10.040204048156738
23-02-2001,11.148438453674316,11.726563453674316,742000,11.726563453674316,11.460938453674316,9.793205261230469
26-02-2001,11.414063453674316,11.453125,482000,11.5625,11.484375,9.813232421875
27-02-2001,11.4375,11.460938453674316,797600,11.57421875,11.476563453674316,9.80655574798584
28-02-2001,11.226563453674316,11.5,833600,11.5625,11.23828125,9.602952003479004
01-03-2001,11.13671875,11.25,482000,11.30078125,11.273438453674316,9.63299560546875
02-03-2001,11.101563453674316,11.11328125,419200,11.523438453674316,11.351563453674316,9.699746131896973
05-03-2001,11.19140625,11.351563453674316,207600,11.351563453674316,11.234375,9.59961223602295
06-03-2001,11.08203125,11.34765625,230800,11.351563453674316,11.08203125,9.469436645507812
07-03-2001,11.039063453674316,11.085938453674316,738000,11.13671875,11.07421875,9.462763786315918
08-03-2001,10.37890625,11.023438453674316,1050400,11.02734375,10.476563453674316,8.952071189880371
09-03-2001,9.88671875,10.42578125,1409600,10.55078125,9.92578125,8.481436729431152
12-03-2001,9.66796875,9.92578125,742800,9.92578125,9.74609375,8.327898025512695
13-03-2001,9.5,9.507813453674316,471600,9.789063453674316,9.710938453674316,8.29785442352295
14-03-2001,9.0625,9.69921875,1024800,9.80859375,9.164063453674316,7.830560684204102
15-03-2001,9.25390625,9.48828125,839600,9.5,9.42578125,8.054193496704102
16-03-2001,9.5,9.5,1290000,9.664063453674316,9.62109375,8.22108268737793
19-03-2001,9.53125,9.61328125,679600,9.86328125,9.8125,8.384638786315918
20-03-2001,9.76171875,10.0,657200,10.03125,9.76171875,8.34124755859375
21-03-2001,9.273438453674316,9.75,989600,9.75,9.51171875,8.127623558044434
22-03-2001,9.07421875,9.4375,475600,9.44140625,9.25,7.903994560241699
23-03-2001,9.30078125,9.30078125,418400,9.5,9.492188453674316,8.110939025878906
26-03-2001,9.164063453674316,9.5625,902400,9.63671875,9.460938453674316,8.084236145019531
27-03-2001,9.273438453674316,9.492188453674316,603200,9.53125,9.5,8.1176118850708
28-03-2001,9.375,9.5,1094800,9.601563453674316,9.5,8.1176118850708
29-03-2001,9.5625,9.57421875,793200,10.19140625,10.039063453674316,8.578235626220703
30-03-2001,9.875,10.039063453674316,643200,10.16015625,10.101563453674316,8.63163948059082
02-04-2001,9.76171875,10.101563453674316,615200,10.101563453674316,9.835938453674316,8.404667854309082
03-04-2001,9.453125,9.851563453674316,1280800,9.851563453674316,9.476563453674316,8.097587585449219
04-04-2001,9.460938453674316,9.5,743600,9.601563453674316,9.554688453674316,8.164345741271973
05-04-2001,9.804688453674316,9.875,1280800,9.99609375,9.898438453674316,8.458073616027832
06-04-2001,9.55078125,9.87109375,488800,9.87109375,9.57421875,8.181032180786133
09-04-2001,9.699999809265137,9.725000381469728,849600,9.904999732971191,9.875,8.4380464553833
10-04-2001,10.0,10.0,561200,10.40250015258789,10.24250030517578,8.75206470489502
11-04-2001,10.175000190734863,10.425000190734863,832800,10.625,10.30500030517578,8.805474281311035
12-04-2001,10.337499618530272,10.337499618530272,641200,11.0,10.975000381469728,9.377978324890137
16-04-2001,10.5,10.850000381469728,330800,10.850000381469728,10.642499923706056,9.093863487243652
17-04-2001,10.350000381469728,10.350000381469728,838000,10.699999809265137,10.6875,9.132311820983888
18-04-2001,10.6875,10.75,650000,11.162500381469728,10.75,9.185721397399902
19-04-2001,10.725000381469728,10.75,767200,10.875,10.875,9.292530059814451
20-04-2001,10.375,10.8125,383200,10.8125,10.625,9.078907012939451
23-04-2001,10.175000190734863,10.5625,503600,10.637499809265137,10.225000381469728,8.737114906311035
24-04-2001,10.125,10.287500381469728,346800,10.345000267028809,10.225000381469728,8.737114906311035
25-04-2001,10.199999809265137,10.199999809265137,528800,10.875,10.795000076293944,9.224172592163086
26-04-2001,10.75,10.787500381469728,366800,10.94499969482422,10.779999732971191,9.21135425567627
27-04-2001,10.9375,10.9375,335600,11.125,11.037500381469728,9.431384086608888
30-04-2001,11.199999809265137,11.199999809265137,492800,11.425000190734863,11.199999809265137,9.570237159729004
01-05-2001,11.149999618530272,11.199999809265137,247600,11.369999885559082,11.350000381469728,9.698410034179688
02-05-2001,11.827500343322754,12.975000381469728,7337600,14.0,13.699999809265137,11.70645236968994
03-05-2001,12.75,13.274999618530272,2482000,13.524999618530272,12.774999618530272,10.916054725646973
04-05-2001,12.462499618530272,12.524999618530272,1471200,12.824999809265137,12.729999542236328,10.87760066986084
07-05-2001,12.432499885559082,12.6875,1074800,12.699999809265137,12.550000190734863,10.723795890808104
08-05-2001,12.452500343322754,12.5,2200800,13.085000038146973,13.082500457763672,11.178811073303224
09-05-2001,13.1875,13.225000381469728,3261200,14.739999771118164,14.074999809265137,12.026887893676758
10-05-2001,13.75,14.0,1836400,14.387499809265137,13.925000190734863,11.898710250854492
11-05-2001,13.300000190734863,13.8125,660800,13.8125,13.395000457763672,11.44583225250244
14-05-2001,13.412500381469728,13.420000076293944,835200,13.725000381469728,13.5625,11.588959693908691
15-05-2001,13.425000190734863,13.5625,1120000,13.74250030517578,13.442500114440918,11.486422538757324
16-05-2001,13.475000381469728,13.5,1512800,14.0,13.725000381469728,11.727815628051758
17-05-2001,13.699999809265137,13.699999809265137,992000,14.30500030517578,14.125,12.06961154937744
18-05-2001,13.837499618530272,13.837499618530272,814800,14.112500190734863,13.987500190734863,11.95211410522461
21-05-2001,13.899999618530272,13.987500190734863,1422000,14.537500381469728,14.420000076293944,12.321682929992676
22-05-2001,14.050000190734863,14.199999809265137,847200,14.244999885559082,14.050000190734863,12.005522727966309
23-05-2001,13.3774995803833,13.837499618530272,1160800,13.837499618530272,13.412500381469728,11.460789680480955
24-05-2001,13.15250015258789,13.287500381469728,483600,13.397500038146973,13.202500343322754,11.28134822845459
25-05-2001,13.112500190734863,13.225000381469728,505600,13.385000228881836,13.199999809265137,11.279210090637209
29-05-2001,13.199999809265137,13.199999809265137,1120400,13.625,13.537500381469728,11.567599296569824
30-05-2001,13.675000190734863,13.675000190734863,1663200,14.550000190734863,14.149999618530272,12.090971946716309
31-05-2001,13.649999618530272,14.0,640800,14.0625,13.649999618530272,11.663725852966309
01-06-2001,13.487500190734863,13.65250015258789,970000,13.725000381469728,13.595000267028809,11.616731643676758
04-06-2001,13.625,13.625,486400,14.0625,13.90999984741211,11.88589572906494
05-06-2001,13.4375,13.90999984741211,1427200,13.90999984741211,13.625,11.642366409301758
06-06-2001,13.25,13.5,820800,13.5,13.3125,11.375338554382324
07-06-2001,13.1875,13.25,986000,13.862500190734863,13.56999969482422,11.595367431640623
08-06-2001,13.4375,13.56999969482422,245600,13.56999969482422,13.449999809265137,11.492828369140623
11-06-2001,12.850000381469728,13.462499618530272,818000,13.462499618530272,12.90250015258789,11.024999618530272
12-06-2001,12.449999809265137,12.90250015258789,3141200,12.90250015258789,12.725000381469728,10.873329162597656
13-06-2001,12.5625,13.0,2782800,13.0,12.837499618530272,10.96945858001709
14-06-2001,12.5625,12.84000015258789,4173200,12.862500190734863,12.625,10.787881851196287
15-06-2001,12.4375,12.625,6562800,13.00749969482422,12.994999885559082,11.104040145874023
18-06-2001,12.975000381469728,13.037500381469728,1993600,13.324999809265137,13.079999923706056,11.176671028137209
19-06-2001,13.199999809265137,13.225000381469728,780400,13.5,13.300000190734863,11.364656448364258
20-06-2001,12.850000381469728,12.875,1478400,13.4350004196167,13.3125,11.375338554382324
21-06-2001,13.09749984741211,13.375,495600,13.449999809265137,13.149999618530272,11.23648738861084
22-06-2001,12.645000457763672,13.100000381469728,966400,13.125,12.824999809265137,10.958780288696287
25-06-2001,12.837499618530272,12.837499618530272,758400,13.125,12.94499969482422,11.061315536499023
26-06-2001,12.657500267028809,12.8125,849600,13.0,12.824999809265137,10.958780288696287
27-06-2001,12.725000381469728,12.827500343322754,1059200,12.987500190734863,12.979999542236328,11.09122085571289
28-06-2001,12.9350004196167,13.100000381469728,536800,13.19499969482422,12.9375,11.05490779876709
29-06-2001,12.637499809265137,12.9375,2882800,13.487500190734863,12.637499809265137,10.79856300354004
02-07-2001,12.662500381469728,12.670000076293944,1502000,12.920000076293944,12.75749969482422,10.90109920501709
03-07-2001,12.787500381469728,12.787500381469728,372400,13.137499809265137,13.100000381469728,11.193763732910156
05-07-2001,12.755000114440918,12.850000381469728,754800,13.092499732971191,13.050000190734863,11.151037216186523
06-07-2001,12.649999618530272,13.0625,950400,13.0625,12.725000381469728,10.873329162597656
09-07-2001,12.675000190734863,12.744999885559082,447600,12.949999809265137,12.949999809265137,11.065587997436523
10-07-2001,12.5,12.899999618530272,422800,12.899999618530272,12.542499542236328,10.71738338470459
11-07-2001,12.582500457763672,12.600000381469728,686000,12.699999809265137,12.699999809265137,10.851967811584473
12-07-2001,12.762499809265137,12.762499809265137,581600,13.050000190734863,12.962499618530272,11.076272010803224
13-07-2001,12.850000381469728,13.0,273600,13.125,13.074999809265137,11.17239475250244
16-07-2001,13.0,13.125,394800,13.1875,13.032500267028809,11.13608169555664
17-07-2001,12.97249984741211,13.045000076293944,409600,13.237500190734863,13.199999809265137,11.279210090637209
18-07-2001,13.162500381469728,13.202500343322754,388800,13.362500190734863,13.335000038146973,11.394564628601074
19-07-2001,13.324999809265137,13.425000190734863,422400,13.49250030517578,13.425000190734863,11.471467971801758
20-07-2001,13.31999969482422,13.399999618530272,144800,13.399999618530272,13.335000038146973,11.394564628601074
23-07-2001,13.085000038146973,13.25,331600,13.25,13.087499618530272,11.18307876586914
24-07-2001,12.875,13.082500457763672,650400,13.162500381469728,12.917499542236328,11.037816047668455
25-07-2001,12.524999618530272,12.892499923706056,752800,12.892499923706056,12.56999969482422,10.740880966186523
26-07-2001,12.537500381469728,12.625,813200,12.987500190734863,12.970000267028809,11.08267879486084
27-07-2001,13.25,13.25,684800,13.5,13.350000381469728,11.40738582611084
30-07-2001,13.087499618530272,13.337499618530272,453600,13.337499618530272,13.137499809265137,11.22580337524414
31-07-2001,13.087499618530272,13.137499809265137,413600,13.300000190734863,13.175000190734863,11.257848739624023
01-08-2001,13.287500381469728,13.375,638800,13.5,13.475000381469728,11.514196395874023
02-08-2001,13.550000190734863,13.6875,2303600,14.1225004196167,13.712499618530272,11.717130661010742
03-08-2001,13.274999618530272,13.6875,1254800,13.707500457763672,13.399999618530272,11.45011043548584
06-08-2001,13.300000190734863,13.425000190734863,300400,13.5625,13.43000030517578,11.475740432739258
07-08-2001,13.3125,13.4375,595200,13.522500038146973,13.354999542236328,11.411653518676758
08-08-2001,13.475000381469728,13.475000381469728,656400,13.675000190734863,13.600000381469728,11.621002197265623
09-08-2001,13.649999618530272,13.925000190734863,1684400,14.087499618530272,13.75,11.74917697906494
10-08-2001,13.475000381469728,13.75,1470400,13.957500457763672,13.90250015258789,11.879484176635742
13-08-2001,13.792499542236328,13.887499809265137,833600,14.037500381469728,13.962499618530272,11.930756568908691
14-08-2001,13.975000381469728,14.0,1638800,14.414999961853027,14.357500076293944,12.268277168273926
15-08-2001,14.050000190734863,14.324999809265137,674400,14.399999618530272,14.399999618530272,12.304590225219728
16-08-2001,13.789999961853027,14.375,554000,14.375,14.024999618530272,11.984160423278809
17-08-2001,13.875,14.0,313600,14.0625,14.0,11.962796211242676
20-08-2001,13.899999618530272,14.050000190734863,302000,14.25,14.2475004196167,12.174283981323242
21-08-2001,14.125,14.25,1130000,14.649999618530272,14.350000381469728,12.261866569519045
22-08-2001,14.262499809265137,14.449999809265137,823200,14.697500228881836,14.454999923706056,12.351588249206545
23-08-2001,14.287500381469728,14.5,703600,14.512499809265137,14.350000381469728,12.261866569519045
24-08-2001,14.414999961853027,14.449999809265137,677600,14.625,14.612500190734863,12.48617172241211
27-08-2001,14.630000114440918,14.6875,3623600,15.34749984741211,15.237500190734863,13.020223617553713
28-08-2001,14.704999923706056,14.875,3074400,15.050000190734863,14.824999809265137,12.667749404907228
29-08-2001,14.25,14.6875,3083600,14.6875,14.300000190734863,12.219143867492676
30-08-2001,13.649999618530272,14.25,3058400,14.25,13.774999618530272,11.77053928375244
31-08-2001,13.5649995803833,13.712499618530272,845200,13.824999809265137,13.737500190734863,11.738496780395508
04-09-2001,13.512499809265137,13.737500190734863,712800,13.737500190734863,13.619999885559082,11.638091087341309
05-09-2001,13.350000381469728,13.625,654800,13.649999618530272,13.582500457763672,11.606046676635742
06-09-2001,13.425000190734863,13.550000190734863,396000,13.550000190734863,13.4399995803833,11.48428726196289
07-09-2001,13.050000190734863,13.25,756800,13.287500381469728,13.175000190734863,11.257848739624023
10-09-2001,12.787500381469728,12.8125,839200,13.1875,13.020000457763672,11.12540340423584
17-09-2001,12.447500228881836,12.5,858000,12.744999885559082,12.524999618530272,10.702433586120604
18-09-2001,11.239999771118164,12.475000381469728,2295200,12.487500190734863,11.654999732971191,9.959029197692873
19-09-2001,11.239999771118164,11.875,1846400,12.25,11.582500457763672,9.897079467773438
20-09-2001,11.5,11.524999618530272,990000,11.800000190734863,11.552499771118164,9.871445655822754
21-09-2001,11.300000190734863,11.5,1048400,11.75,11.475000381469728,9.805222511291504
24-09-2001,11.8125,11.8125,1016400,12.125,11.949999809265137,10.211103439331056
25-09-2001,11.899999618530272,11.899999618530272,1141200,12.494999885559082,12.244999885559082,10.463174819946287
26-09-2001,12.25,12.337499618530272,1039200,12.774999618530272,12.65999984741211,10.817785263061523
27-09-2001,12.649999618530272,12.662500381469728,1087600,13.050000190734863,13.024999618530272,11.12967586517334
28-09-2001,12.675000190734863,13.25,1171200,13.399999618530272,12.699999809265137,10.851967811584473
01-10-2001,12.5649995803833,12.699999809265137,927600,12.899999618530272,12.869999885559082,10.997231483459473
02-10-2001,12.725000381469728,12.875,273200,13.050000190734863,12.892499923706056,11.016457557678224
03-10-2001,12.832500457763672,12.86750030517578,306000,13.162500381469728,13.09000015258789,11.18521499633789
04-10-2001,13.037500381469728,13.137499809265137,190800,13.137499809265137,13.039999961853027,11.142492294311523
05-10-2001,12.717499732971191,12.987500190734863,408000,13.0,12.947500228881836,11.063454627990724
08-10-2001,12.662500381469728,12.787500381469728,218000,12.824999809265137,12.6875,10.841286659240724
09-10-2001,12.425000190734863,12.625,624800,12.675000190734863,12.61750030517578,10.78147315979004
10-10-2001,12.662500381469728,12.662500381469728,448000,12.942500114440918,12.942500114440918,11.059178352355955
11-10-2001,13.18000030517578,13.199999809265137,868000,13.612500190734863,13.5625,11.588959693908691
12-10-2001,13.2475004196167,13.625,269200,13.625,13.25749969482422,11.328343391418455
15-10-2001,13.31999969482422,13.31999969482422,531200,13.625,13.574999809265137,11.599641799926758
16-10-2001,13.484999656677246,13.577500343322754,165200,13.612500190734863,13.505000114440918,11.53982639312744
17-10-2001,12.875,13.625,1014400,13.625,12.962499618530272,11.076272010803224
18-10-2001,12.875,12.987500190734863,690400,13.112500190734863,12.949999809265137,11.065587997436523
19-10-2001,12.975000381469728,13.0,461200,13.475000381469728,13.407500267028809,11.45651626586914
22-10-2001,13.625,13.625,2175200,14.3125,14.3125,12.229825019836426
23-10-2001,14.050000190734863,14.274999618530272,1243200,14.375,14.260000228881836,12.184965133666992
24-10-2001,14.270000457763672,14.300000190734863,552400,14.582500457763672,14.345000267028809,12.257596969604492
25-10-2001,14.100000381469728,14.25,759600,14.38249969482422,14.359999656677246,12.270415306091309
26-10-2001,14.300000190734863,14.337499618530272,562400,14.5,14.412500381469728,12.315275192260742
29-10-2001,14.100000381469728,14.512499809265137,1056000,14.869999885559082,14.25,12.176422119140623
30-10-2001,13.954999923706056,14.25,1513600,14.287500381469728,14.137499809265137,12.080291748046877
31-10-2001,13.75,14.137499809265137,2562800,14.399999618530272,13.949999809265137,11.92007541656494
01-11-2001,13.962499618530272,14.0,2199600,14.292499542236328,14.125,12.06961154937744
02-11-2001,13.859999656677246,14.175000190734863,1702000,14.225000381469728,14.175000190734863,12.112333297729492
05-11-2001,14.137499809265137,14.137499809265137,564800,14.5,14.387499809265137,12.29391098022461
06-11-2001,14.3125,14.350000381469728,1363200,14.699999809265137,14.675000190734863,12.539578437805176
07-11-2001,14.725000381469728,14.725000381469728,1356800,14.975000381469728,14.7524995803833,12.605793952941896
08-11-2001,14.567500114440918,14.75,1137200,14.8125,14.600000381469728,12.47549057006836
09-11-2001,14.375,14.602499961853027,778000,14.602499961853027,14.552499771118164,12.434901237487791
12-11-2001,14.074999809265137,14.4375,937600,14.5600004196167,14.199999809265137,12.133694648742676
13-11-2001,14.137499809265137,14.162500381469728,1022800,14.317500114440918,14.300000190734863,12.219143867492676
14-11-2001,14.149999618530272,14.25,486000,14.27750015258789,14.162500381469728,12.101651191711426
15-11-2001,13.857500076293944,14.162500381469728,428800,14.175000190734863,13.984999656677246,11.949978828430176
16-11-2001,13.970000267028809,14.0,839600,14.149999618530272,14.137499809265137,12.080291748046877
19-11-2001,13.975000381469728,14.199999809265137,636400,14.232500076293944,14.175000190734863,12.112333297729492
20-11-2001,13.9975004196167,14.149999618530272,496400,14.329999923706056,14.087499618530272,12.03756618499756
21-11-2001,14.0625,14.085000038146973,798000,14.354999542236328,14.192500114440918,12.127285957336426
23-11-2001,14.225000381469728,14.225000381469728,183600,14.375,14.375,12.283231735229492
26-11-2001,14.425000190734863,14.425000190734863,970800,14.649999618530272,14.572500228881836,12.451990127563477
27-11-2001,14.462499618530272,14.524999618530272,593600,14.625,14.5625,12.443446159362791
28-11-2001,14.524999618530272,14.5625,427200,14.725000381469728,14.574999809265137,12.454126358032228
29-11-2001,14.5,14.612500190734863,432000,14.75,14.720000267028809,12.57802677154541
30-11-2001,14.574999809265137,14.720000267028809,564400,14.720000267028809,14.625,12.49685287475586
03-12-2001,14.600000381469728,14.600000381469728,1637600,15.4375,15.4375,13.191123008728027
04-12-2001,15.225000381469728,15.25,1776400,15.550000190734863,15.375,13.137715339660645
05-12-2001,14.859999656677246,15.324999809265137,1596800,15.329999923706056,15.012499809265137,12.82796573638916
06-12-2001,14.350000381469728,14.8125,1728400,14.84000015258789,14.600000381469728,12.47549057006836
07-12-2001,13.875,14.600000381469728,1182400,14.600000381469728,14.15250015258789,12.093106269836426
10-12-2001,13.88249969482422,13.887499809265137,607200,14.295000076293944,14.130000114440918,12.07388401031494
11-12-2001,13.899999618530272,14.100000381469728,348800,14.1875,13.932499885559082,11.90511989593506
12-12-2001,13.412500381469728,13.800000190734863,1277600,13.802499771118164,13.542499542236328,11.571869850158691
13-12-2001,13.25,13.487500190734863,1323600,13.662500381469728,13.5,11.53555393218994
14-12-2001,13.417499542236328,13.5,396800,13.725000381469728,13.725000381469728,11.727815628051758
17-12-2001,13.637499809265137,13.662500381469728,743200,13.962499618530272,13.912500381469728,11.888028144836426
18-12-2001,13.662500381469728,13.875,446000,13.925000190734863,13.762499809265137,11.759857177734377
19-12-2001,13.65250015258789,13.75,446000,13.75,13.6899995803833,11.69790744781494
20-12-2001,13.36750030517578,13.5625,1066800,13.574999809265137,13.395000457763672,11.44583225250244
21-12-2001,13.237500190734863,13.332500457763672,608400,13.4375,13.425000190734863,11.471467971801758
24-12-2001,13.43000030517578,13.524999618530272,275600,13.550000190734863,13.449999809265137,11.492828369140623
26-12-2001,13.449999809265137,13.550000190734863,263600,13.550000190734863,13.545000076293944,11.574007034301758
27-12-2001,13.197500228881836,13.520000457763672,624800,13.522500038146973,13.350000381469728,11.40738582611084
28-12-2001,13.300000190734863,13.395000457763672,438800,13.397500038146973,13.300000190734863,11.364656448364258
31-12-2001,13.125,13.337499618530272,612400,13.53499984741211,13.479999542236328,11.518465995788574
02-01-2002,13.202500343322754,13.479999542236328,973600,13.479999542236328,13.287500381469728,11.353975296020508
03-01-2002,12.9375,13.274999618530272,1036000,13.350000381469728,13.050000190734863,11.151037216186523
04-01-2002,12.779999732971191,13.074999809265137,1020000,13.077500343322754,12.917499542236328,11.037816047668455
07-01-2002,12.5,12.887499809265137,669200,12.887499809265137,12.517499923706056,10.69602394104004
08-01-2002,12.61750030517578,12.649999618530272,971600,12.8125,12.8125,10.948098182678224
09-01-2002,12.817500114440918,12.824999809265137,616800,12.925000190734863,12.850000381469728,10.980138778686523
10-01-2002,12.837499618530272,12.850000381469728,816800,12.925000190734863,12.875,11.00150203704834
11-01-2002,12.375,12.824999809265137,1214800,12.824999809265137,12.375,10.574260711669922
14-01-2002,12.27750015258789,12.4375,1779200,12.524999618530272,12.43000030517578,10.621255874633787
15-01-2002,12.5,12.5625,964800,12.725000381469728,12.637499809265137,10.79856300354004
16-01-2002,12.677499771118164,12.6875,868800,12.787500381469728,12.75,10.894689559936523
17-01-2002,12.75,12.8125,924000,12.962499618530272,12.962499618530272,11.076272010803224
18-01-2002,12.574999809265137,12.887499809265137,496400,12.887499809265137,12.604999542236328,10.770790100097656
22-01-2002,12.625,12.625,349200,12.787500381469728,12.720000267028809,10.869060516357422
23-01-2002,11.8725004196167,12.212499618530272,1853200,12.25,12.112500190734863,10.349956512451172
24-01-2002,11.34749984741211,11.925000190734863,1500800,11.927499771118164,11.364999771118164,9.71122932434082
25-01-2002,10.5,11.3125,5158400,11.3125,10.787500381469728,9.217761993408203
28-01-2002,10.625,10.787500381469728,1559200,10.962499618530272,10.760000228881836,9.194263458251951
29-01-2002,10.662500381469728,11.012499809265137,1618400,11.107500076293944,10.837499618530272,9.260485649108888
30-01-2002,11.037500381469728,11.125,1190800,11.234999656677246,11.172499656677246,9.54673957824707
31-01-2002,10.625,11.172499656677246,2250400,11.172499656677246,10.75,9.185721397399902
01-02-2002,9.725000381469728,10.5,4461600,10.5,9.994999885559082,8.540583610534668
04-02-2002,9.4375,9.9975004196167,2202000,9.9975004196167,9.5,8.1176118850708
05-02-2002,9.604999542236328,9.737500190734863,3043200,9.817500114440918,9.6875,8.27782917022705
06-02-2002,9.50749969482422,9.75,1522000,9.772500038146973,9.642499923706056,8.239375114440918
07-02-2002,9.592499732971191,9.612500190734863,1230400,9.75,9.667499542236328,8.2607421875
08-02-2002,9.975000381469728,10.112500190734863,1490000,10.175000190734863,10.13249969482422,8.658077239990234
11-02-2002,10.274999618530272,10.337499618530272,1616400,10.462499618530272,10.40250015258789,8.888785362243652
12-02-2002,10.005000114440918,10.395000457763672,1148800,10.395000457763672,10.100000381469728,8.630305290222168
13-02-2002,10.037500381469728,10.037500381469728,1026000,10.237500190734863,10.112500190734863,8.640986442565918
14-02-2002,9.857500076293944,10.100000381469728,695600,10.102499961853027,9.920000076293944,8.4764986038208
15-02-2002,9.75,9.857500076293944,258000,9.907500267028809,9.807499885559082,8.380364418029785
19-02-2002,9.397500038146973,9.75,1366400,9.7524995803833,9.462499618530272,8.085569381713867
20-02-2002,9.3125,9.350000381469728,969600,9.592499732971191,9.4375,8.064207077026367
21-02-2002,9.112500190734863,9.4375,884000,9.4399995803833,9.125,7.797181129455566
22-02-2002,8.800000190734863,9.037500381469728,2732000,9.425000190734863,9.38249969482422,8.01720905303955
25-02-2002,9.212499618530272,9.38249969482422,1530000,9.425000190734863,9.302499771118164,7.9488525390625
26-02-2002,9.0625,9.1875,499200,9.279999732971191,9.212499618530272,7.871948719024658
27-02-2002,9.0,9.017499923706056,1766000,9.302499771118164,9.149999618530272,7.818541526794434
28-02-2002,8.917499542236328,9.125,893200,9.25,9.09000015258789,7.767274379730225
01-03-2002,9.037500381469728,9.050000190734863,734800,9.225000381469728,9.114999771118164,7.788634777069092
04-03-2002,9.114999771118164,9.114999771118164,846800,9.460000038146973,9.425000190734863,8.05352783203125
05-03-2002,9.237500190734863,9.399999618530272,651600,9.399999618530272,9.265000343322754,7.916811943054199
06-03-2002,9.324999809265137,9.324999809265137,938000,9.625,9.619999885559082,8.220149040222168
07-03-2002,9.5,9.625,672400,9.737500190734863,9.5649995803833,8.1731538772583
08-03-2002,9.3125,9.512499809265137,918000,9.520000457763672,9.460000038146973,8.083433151245117
11-03-2002,9.297499656677246,9.362500190734863,578000,9.460000038146973,9.417499542236328,8.047117233276367
12-03-2002,9.25,9.25,346000,9.5024995803833,9.385000228881836,8.019346237182617
13-03-2002,9.375,9.375,168800,9.532500267028809,9.505000114440918,8.121885299682617
14-03-2002,9.494999885559082,9.587499618530272,472400,9.635000228881836,9.5625,8.171018600463867
15-03-2002,9.68000030517578,9.68000030517578,578400,9.880000114440918,9.875,8.4380464553833
18-03-2002,9.8774995803833,9.8774995803833,624000,10.162500381469728,10.100000381469728,8.630305290222168
19-03-2002,9.9399995803833,10.102499961853027,726000,10.25,9.970000267028809,8.519220352172852
20-03-2002,9.890000343322754,9.904999732971191,165600,9.975000381469728,9.975000381469728,8.523493766784668
21-03-2002,9.899999618530272,9.975000381469728,526000,10.050000190734863,10.024999618530272,8.566221237182617
22-03-2002,9.9375,10.024999618530272,559600,10.02750015258789,10.017499923706056,8.559807777404785
25-03-2002,9.927499771118164,10.017499923706056,461200,10.017499923706056,9.9375,8.491453170776367
26-03-2002,9.774999618530272,9.875,639600,9.887499809265137,9.887499809265137,8.448722839355469
27-03-2002,9.774999618530272,9.887499809265137,189600,9.987500190734863,9.979999542236328,8.527765274047852
28-03-2002,9.947500228881836,10.0,278400,10.11750030517578,10.032500267028809,8.572627067565918
01-04-2002,9.845000267028809,10.032500267028809,501600,10.03499984741211,9.977499961853027,8.52563190460205
02-04-2002,9.850000381469728,9.962499618530272,352800,9.962499618530272,9.90250015258789,8.461543083190918
03-04-2002,9.862500190734863,9.90250015258789,634400,9.947500228881836,9.862500190734863,8.42736530303955
04-04-2002,9.625,9.8149995803833,736000,9.8149995803833,9.649999618530272,8.2457857131958
05-04-2002,9.625,9.649999618530272,504000,9.74250030517578,9.670000076293944,8.2628755569458
08-04-2002,9.4975004196167,9.670000076293944,818800,9.672499656677246,9.52750015258789,8.14111042022705
09-04-2002,9.475000381469728,9.52750015258789,661200,9.61750030517578,9.557499885559082,8.166744232177734
10-04-2002,9.359999656677246,9.557499885559082,529600,9.6875,9.574999809265137,8.181699752807617
11-04-2002,9.619999885559082,9.619999885559082,436400,9.787500381469728,9.712499618530272,8.299189567565918
12-04-2002,9.712499618530272,9.75,352400,9.8125,9.755000114440918,8.3355073928833
15-04-2002,9.6274995803833,9.755000114440918,374000,9.755000114440918,9.697500228881836,8.286375045776367
16-04-2002,9.702500343322754,9.702500343322754,410000,10.087499618530272,10.042499542236328,8.581170082092285
17-04-2002,9.962499618530272,10.042499542236328,356800,10.050000190734863,9.987500190734863,8.53417682647705
18-04-2002,9.90250015258789,9.975000381469728,158000,10.149999618530272,10.085000038146973,8.617486000061035
19-04-2002,9.977499961853027,10.050000190734863,318800,10.050000190734863,10.039999961853027,8.5790376663208
22-04-2002,9.774999618530272,9.987500190734863,405200,9.987500190734863,9.774999618530272,8.352598190307617
23-04-2002,9.5625,9.6875,391600,9.6875,9.5649995803833,8.1731538772583
24-04-2002,9.412500381469728,9.5,349600,9.522500038146973,9.417499542236328,8.047117233276367
25-04-2002,9.282500267028809,9.420000076293944,292000,9.547499656677246,9.387499809265137,8.021484375
26-04-2002,9.237500190734863,9.375,284800,9.462499618530272,9.369999885559082,8.0065279006958
29-04-2002,8.989999771118164,9.350000381469728,891600,9.395000457763672,9.03499984741211,7.720277309417725
30-04-2002,9.012499809265137,9.012499809265137,532000,9.287500381469728,9.27750015258789,7.927489280700684
01-05-2002,8.287500381469727,9.024999618530272,2218000,9.024999618530272,8.287500381469727,7.081549644470215
02-05-2002,8.042499542236328,8.25,3508400,8.462499618530273,8.125,6.942694187164307
03-05-2002,7.125,7.3125,4388800,7.927499771118164,7.747499942779541,6.620128154754639
06-05-2002,7.127500057220459,7.150000095367432,2719200,7.5,7.139999866485596,6.101027011871338
07-05-2002,7.025000095367432,7.09499979019165,2077200,7.349999904632568,7.15749979019165,6.115980625152588
08-05-2002,7.0625,7.224999904632568,2108400,7.4375,7.287499904632568,6.227063179016113
09-05-2002,7.170000076293945,7.179999828338623,2931200,7.425000190734863,7.372499942779541,6.299694061279297
10-05-2002,7.224999904632568,7.425000190734863,564000,7.425000190734863,7.320000171661377,6.254833221435547
13-05-2002,7.15749979019165,7.275000095367432,733200,7.3125,7.3125,6.24842643737793
14-05-2002,7.15500020980835,7.25,960000,7.272500038146973,7.267499923706055,6.209974765777588
15-05-2002,7.067500114440918,7.150000095367432,1121600,7.224999904632568,7.199999809265137,6.152295112609863
16-05-2002,7.150000095367432,7.25,1088800,7.275000095367432,7.21999979019165,6.1693854331970215
17-05-2002,7.087500095367432,7.222499847412109,612400,7.222499847412109,7.170000076293945,6.126661777496338
20-05-2002,7.0,7.074999809265137,935600,7.125,7.087500095367432,6.056166648864746
21-05-2002,7.0,7.012499809265137,594800,7.082499980926514,7.050000190734863,6.0241241455078125
22-05-2002,7.005000114440918,7.012499809265137,379600,7.074999809265137,7.037499904632568,6.013443946838379
23-05-2002,6.900000095367432,7.012499809265137,971200,7.059999942779541,7.059999942779541,6.032667636871338
24-05-2002,7.012499809265137,7.012499809265137,317600,7.087500095367432,7.037499904632568,6.013443946838379
28-05-2002,6.815000057220459,6.982500076293945,585200,7.050000190734863,7.050000190734863,6.0241241455078125
29-05-2002,6.949999809265137,7.025000095367432,491600,7.03249979019165,7.019999980926514,5.998487949371338
30-05-2002,6.900000095367432,7.0,484400,7.050000190734863,6.912499904632568,5.9066314697265625
31-05-2002,6.862500190734863,6.917500019073486,516000,7.03000020980835,6.862500190734863,5.863907814025879
03-06-2002,6.75,6.849999904632568,949200,6.852499961853027,6.75,5.767776966094971
04-06-2002,6.662499904632568,6.692500114440918,1215200,6.787499904632568,6.762499809265137,5.778457164764404
05-06-2002,6.449999809265137,6.675000190734863,1226000,6.675000190734863,6.525000095367432,5.575518608093262
06-06-2002,6.074999809265137,6.287499904632568,1436000,6.324999809265137,6.175000190734863,5.276448726654053
07-06-2002,6.587500095367432,6.6875,1743600,6.875,6.864999771118164,5.866042613983154
10-06-2002,6.775000095367432,6.864999771118164,709200,6.987500190734863,6.929999828338623,5.9215850830078125
11-06-2002,6.762499809265137,6.887499809265137,879600,6.892499923706055,6.804999828338623,5.8147735595703125
12-06-2002,6.6875,6.775000095367432,1033200,6.809999942779541,6.75,5.767776966094971
13-06-2002,6.505000114440918,6.675000190734863,510000,6.677499771118164,6.567500114440918,5.61183500289917
14-06-2002,6.559999942779541,6.5625,216000,6.744999885559082,6.71999979019165,5.742143630981445
17-06-2002,6.715000152587891,6.71999979019165,911600,6.96999979019165,6.90500020980835,5.900221347808838
18-06-2002,6.849999904632568,6.875,739600,7.039999961853027,6.977499961853027,5.962172985076904
19-06-2002,6.949999809265137,6.949999809265137,644400,7.057499885559082,6.962500095367432,5.949355125427246
20-06-2002,7.025000095367432,7.204999923706055,812400,7.244999885559082,7.0625,6.034805774688721
21-06-2002,7.002500057220459,7.0625,368800,7.139999866485596,7.105000019073486,6.07111930847168
24-06-2002,6.974999904632568,7.074999809265137,733200,7.099999904632568,7.022500038146973,6.000624656677246
25-06-2002,6.987500190734863,7.0,676400,7.142499923706055,7.037499904632568,6.013443946838379
26-06-2002,6.887499809265137,6.949999809265137,573200,7.0,6.949999809265137,5.938675403594971
27-06-2002,6.974999904632568,6.974999904632568,1099200,7.362500190734863,7.289999961853027,6.229199409484863
28-06-2002,7.25,7.262499809265137,2040800,7.482500076293945,7.349999904632568,6.280468463897705
01-07-2002,6.962500095367432,7.300000190734863,1112400,7.3125,6.962500095367432,5.949355125427246
02-07-2002,6.824999809265137,7.037499904632568,802800,7.037499904632568,6.824999809265137,5.831862926483154
03-07-2002,6.737500190734863,6.817500114440918,562000,6.855000019073486,6.804999828338623,5.8147735595703125
05-07-2002,6.849999904632568,6.849999904632568,166800,7.150000095367432,7.150000095367432,6.109571933746338
08-07-2002,6.925000190734863,7.099999904632568,651600,7.304999828338623,6.965000152587891,5.951492786407471
09-07-2002,6.789999961853027,6.965000152587891,1230800,7.010000228881836,6.789999961853027,5.801957607269287
10-07-2002,6.297500133514404,6.789999961853027,1116800,6.797500133514404,6.355000019073486,5.430257320404053
11-07-2002,6.175000190734863,6.275000095367432,1244800,6.409999847412109,6.400000095367432,5.468706130981445
12-07-2002,6.3125,6.400000095367432,824400,6.710000038146973,6.550000190734863,5.596881866455078
15-07-2002,6.412499904632568,6.5,1086400,6.552499771118164,6.507500171661377,5.560564994812012
16-07-2002,6.4375,6.5,1098800,6.587500095367432,6.502500057220459,5.55629301071167
17-07-2002,6.349999904632568,6.512499809265137,803200,6.534999847412109,6.482500076293945,5.539202690124512
18-07-2002,6.3125,6.462500095367432,677600,6.46999979019165,6.315000057220459,5.396075248718262
19-07-2002,6.1875,6.255000114440918,874000,6.337500095367432,6.25,5.340534687042236
22-07-2002,6.28249979019165,6.300000190734863,738800,6.449999809265137,6.337500095367432,5.415301322937012
23-07-2002,6.170000076293945,6.337500095367432,967200,6.357500076293945,6.222499847412109,5.317035675048828
24-07-2002,6.119999885559082,6.199999809265137,1004400,6.5,6.449999809265137,5.511431694030762
25-07-2002,6.46999979019165,6.474999904632568,1171200,6.724999904632568,6.637499809265137,5.671647548675537
26-07-2002,6.425000190734863,6.664999961853027,486400,6.684999942779541,6.599999904632568,5.639605045318604
29-07-2002,6.474999904632568,6.474999904632568,570800,6.787499904632568,6.787499904632568,5.799820899963379
30-07-2002,6.690000057220459,6.787499904632568,738000,6.962500095367432,6.902500152587891,5.898088455200195
31-07-2002,6.762499809265137,6.875,478000,6.877500057220459,6.777500152587891,5.791275024414063
01-08-2002,6.462500095367432,6.787499904632568,928000,6.800000190734863,6.599999904632568,5.639605045318604
02-08-2002,6.502500057220459,6.637499809265137,511200,6.65749979019165,6.525000095367432,5.575518608093262
05-08-2002,6.425000190734863,6.522500038146973,1160400,6.585000038146973,6.494999885559082,5.549882411956787
06-08-2002,6.550000190734863,6.550000190734863,463200,6.784999847412109,6.637499809265137,5.671647548675537
07-08-2002,6.597499847412109,6.762499809265137,421600,6.800000190734863,6.724999904632568,5.7464141845703125
08-08-2002,6.727499961853027,6.727499961853027,696800,7.087500095367432,7.087500095367432,6.056166648864746
09-08-2002,6.837500095367432,7.0,300000,7.039999961853027,7.022500038146973,6.000624656677246
12-08-2002,6.824999809265137,7.0,378400,7.037499904632568,7.0,5.981398105621338
13-08-2002,6.987500190734863,7.0,611600,7.15500020980835,7.005000114440918,5.985672473907471
14-08-2002,7.224999904632568,7.25,5081200,8.375,8.3100004196167,7.100776195526123
15-08-2002,7.974999904632568,8.0,3048400,8.210000038146973,8.0649995803833,6.891425609588623
16-08-2002,7.875,7.875,1750800,8.262499809265137,8.100000381469727,6.921333312988281
19-08-2002,8.112500190734863,8.125,844800,8.274999618530273,8.262499809265137,7.06018590927124
20-08-2002,8.202500343322754,8.255000114440918,635200,8.335000038146973,8.25,7.049505233764648
21-08-2002,8.1899995803833,8.25,703600,8.307499885559082,8.28499984741211,7.079413414001465
22-08-2002,8.25,8.25,670800,8.404999732971191,8.362500190734863,7.14563512802124
23-08-2002,8.204999923706055,8.324999809265137,660000,8.5,8.25,7.049505233764648
26-08-2002,8.25,8.255000114440918,606800,8.484999656677246,8.407500267028809,7.184089660644531
27-08-2002,8.137499809265137,8.470000267028809,549600,8.487500190734863,8.237500190734863,7.038825511932373
28-08-2002,7.962500095367432,8.125,605200,8.167499542236328,8.067500114440918,6.8935627937316895
29-08-2002,7.827499866485596,7.849999904632568,535600,8.047499656677246,7.962500095367432,6.8038411140441895
30-08-2002,7.724999904632568,7.925000190734863,826000,7.929999828338623,7.777500152587891,6.6457624435424805
03-09-2002,7.474999904632568,7.625,1156000,7.71999979019165,7.704999923706055,6.583810806274414
04-09-2002,7.612500190734863,7.692500114440918,777600,7.824999809265137,7.75,6.622263908386231
05-09-2002,7.552499771118164,7.712500095367432,585600,7.71999979019165,7.627500057220459,6.5175886154174805
06-09-2002,7.650000095367432,7.650000095367432,426800,7.872499942779541,7.777500152587891,6.6457624435424805
09-09-2002,7.672500133514404,7.792500019073486,368000,7.932499885559082,7.827499866485596,6.688485622406006
10-09-2002,7.699999809265137,7.827499866485596,307600,7.829999923706055,7.822500228881836,6.684214115142822
11-09-2002,7.849999904632568,7.849999904632568,1006000,7.9375,7.875,6.729073524475098
12-09-2002,7.762499809265137,7.875,378400,7.929999828338623,7.787499904632568,6.654305934906006
13-09-2002,7.625,7.75,310400,7.8125,7.670000076293945,6.553904056549072
16-09-2002,7.582499980926514,7.699999809265137,268400,7.787499904632568,7.787499904632568,6.654305934906006
17-09-2002,7.614999771118164,7.787499904632568,304800,7.820000171661377,7.699999809265137,6.579538822174072
18-09-2002,7.625,7.692500114440918,570400,7.837500095367432,7.737500190734863,6.611582279205322
19-09-2002,7.447500228881836,7.650000095367432,553200,7.65500020980835,7.449999809265137,6.365917205810547
20-09-2002,7.4375,7.474999904632568,1084800,7.587500095367432,7.537499904632568,6.440685272216797
23-09-2002,7.385000228881836,7.5,548400,7.537499904632568,7.409999847412109,6.331737041473389
24-09-2002,7.21750020980835,7.287499904632568,947600,7.362500190734863,7.227499961853027,6.175794124603272
25-09-2002,7.150000095367432,7.252500057220459,817600,7.375,7.324999809265137,6.259105682373047
26-09-2002,7.159999847412109,7.324999809265137,638400,7.362500190734863,7.215000152587891,6.1651129722595215
27-09-2002,7.175000190734863,7.25,792800,7.347499847412109,7.204999923706055,6.15656852722168
30-09-2002,6.965000152587891,7.074999809265137,808000,7.242499828338623,7.150000095367432,6.109571933746338
01-10-2002,7.079999923706055,7.199999809265137,541200,7.337500095367432,7.337500095367432,6.269789218902588
02-10-2002,7.110000133514404,7.349999904632568,466400,7.357500076293945,7.150000095367432,6.109571933746338
03-10-2002,7.002500057220459,7.074999809265137,408800,7.230000019073486,7.005000114440918,5.985672473907471
04-10-2002,6.840000152587891,7.050000190734863,398800,7.072500228881836,6.90749979019165,5.902358055114746
07-10-2002,6.815000057220459,6.920000076293945,499200,7.022500038146973,6.949999809265137,5.938675403594971
08-10-2002,6.994999885559082,7.0625,374000,7.122499942779541,7.074999809265137,6.045485973358154
09-10-2002,6.962500095367432,6.974999904632568,732000,7.247499942779541,7.125,6.0882110595703125
10-10-2002,7.102499961853027,7.125,676800,7.349999904632568,7.322500228881836,6.256969928741455
11-10-2002,7.449999809265137,7.482500076293945,689600,7.647500038146973,7.567500114440918,6.466319561004639
14-10-2002,7.474999904632568,7.474999904632568,433600,7.772500038146973,7.75,6.622263908386231
15-10-2002,7.75,7.75,880000,8.0625,8.0625,6.889289855957031
16-10-2002,7.712500095367432,7.925000190734863,1232800,7.96999979019165,7.777500152587891,6.6457624435424805
17-10-2002,7.762499809265137,7.875,655200,7.954999923706055,7.872499942779541,6.726937294006348
18-10-2002,7.445000171661377,7.612500190734863,823600,7.715000152587891,7.715000152587891,6.592355728149414
21-10-2002,7.522500038146973,7.715000152587891,298000,7.847499847412109,7.837500095367432,6.697028636932373
22-10-2002,7.639999866485596,7.712500095367432,367200,7.730000019073486,7.639999866485596,6.528268814086914
23-10-2002,7.527500152587891,7.662499904632568,315600,7.755000114440918,7.75,6.622263908386231
24-10-2002,7.554999828338623,7.78249979019165,1366800,7.807499885559082,7.764999866485596,6.635080814361572
25-10-2002,7.815000057220459,7.815000057220459,982800,8.100000381469727,8.100000381469727,6.921333312988281
28-10-2002,8.072500228881836,8.225000381469727,538400,8.225000381469727,8.212499618530273,7.017463207244873
29-10-2002,8.007499694824219,8.145000457763672,1343200,8.350000381469727,8.350000381469727,7.134954452514648
30-10-2002,7.635000228881836,8.112500190734863,1618000,8.225000381469727,8.0,6.835885524749756
31-10-2002,8.0,8.0,2411600,8.5,8.442500114440918,7.21399450302124
01-11-2002,8.100000381469727,8.237500190734863,3291200,8.404999732971191,8.404999732971191,7.181949615478516
04-11-2002,8.327500343322754,8.375,1620400,8.447500228881836,8.392499923706055,7.171271800994873
05-11-2002,8.104999542236328,8.199999809265137,1031200,8.274999618530273,8.199999809265137,7.006781101226807
06-11-2002,8.149999618530273,8.175000190734863,978400,8.484999656677246,8.412500381469727,7.188359260559082
07-11-2002,8.25,8.337499618530273,839200,8.392499923706055,8.345000267028809,7.130681991577148
08-11-2002,8.282500267028809,8.287500381469727,796000,8.327500343322754,8.3149995803833,7.10504674911499
11-11-2002,8.172499656677246,8.3149995803833,1260000,8.3149995803833,8.212499618530273,7.017463207244873
12-11-2002,8.1274995803833,8.149999618530273,1320800,8.274999618530273,8.149999618530273,6.964056968688965
13-11-2002,8.087499618530273,8.087499618530273,497200,8.322500228881836,8.149999618530273,6.964056968688965
14-11-2002,8.199999809265137,8.262499809265137,350000,8.422499656677246,8.407500267028809,7.184089660644531
15-11-2002,8.324999809265137,8.375,686400,8.612500190734863,8.510000228881836,7.271670818328857
18-11-2002,8.300000190734863,8.375,642400,8.515000343322754,8.34000015258789,7.126408576965332
19-11-2002,8.270000457763672,8.34000015258789,558400,8.449999809265137,8.28499984741211,7.079413414001465
20-11-2002,8.279999732971191,8.300000190734863,501200,8.414999961853027,8.385000228881836,7.164861679077148
21-11-2002,8.34749984741211,8.350000381469727,356000,8.53499984741211,8.532500267028809,7.290899753570557
22-11-2002,8.359999656677246,8.487500190734863,453600,8.5,8.454999923706055,7.224676609039307
25-11-2002,8.137499809265137,8.4375,584000,8.4375,8.399999618530273,7.177679061889648
26-11-2002,8.050000190734863,8.274999618530273,542000,8.297499656677246,8.074999809265137,6.899971961975098
27-11-2002,8.130000114440918,8.1875,332000,8.225000381469727,8.210000038146973,7.015324115753174
29-11-2002,8.100000381469727,8.135000228881836,110800,8.164999961853027,8.102499961853027,6.923468589782715
02-12-2002,7.974999904632568,8.112500190734863,400400,8.125,8.012499809265137,6.846566200256348
03-12-2002,7.880000114440918,7.900000095367432,527600,7.989999771118164,7.949999809265137,6.793159484863281
04-12-2002,7.817500114440918,7.912499904632568,551600,7.96750020980835,7.885000228881836,6.737618923187256
05-12-2002,7.724999904632568,7.887499809265137,712800,7.897500038146973,7.787499904632568,6.654305934906006
06-12-2002,7.570000171661377,7.574999809265137,826800,7.784999847412109,7.755000114440918,6.626534938812256
09-12-2002,7.625,7.625,848000,7.849999904632568,7.625,6.5154523849487305
10-12-2002,7.4375,7.474999904632568,1000000,7.637499809265137,7.537499904632568,6.440685272216797
11-12-2002,7.375,7.400000095367432,734400,7.487500190734863,7.429999828338623,6.3488287925720215
12-12-2002,7.380000114440918,7.380000114440918,402000,7.699999809265137,7.487500190734863,6.397960662841797
13-12-2002,7.287499904632568,7.4375,347600,7.482500076293945,7.287499904632568,6.227063179016113
16-12-2002,7.212500095367432,7.262499809265137,508000,7.5,7.397500038146973,6.321057319641113
17-12-2002,7.297500133514404,7.362500190734863,240400,7.40500020980835,7.304999828338623,6.242016792297363
18-12-2002,7.237500190734863,7.25,362000,7.4375,7.257500171661377,6.201428413391113
19-12-2002,7.137499809265137,7.375,846000,7.400000095367432,7.137499809265137,6.098891258239746
20-12-2002,7.400000095367432,7.412499904632568,694000,7.552499771118164,7.547500133514404,6.449230194091797
23-12-2002,7.537499904632568,7.537499904632568,570000,7.8125,7.762499809265137,6.632943153381348
24-12-2002,7.650000095367432,7.712500095367432,234800,7.757500171661377,7.65749979019165,6.543223857879639
26-12-2002,7.59250020980835,7.6875,270000,7.744999885559082,7.612500190734863,6.504771709442139
27-12-2002,7.574999809265137,7.614999771118164,404000,7.707499980926514,7.627500057220459,6.5175886154174805
30-12-2002,7.599999904632568,7.625,385200,7.675000190734863,7.637499809265137,6.5261335372924805
31-12-2002,7.582499980926514,7.587500095367432,492400,7.737500190734863,7.642499923706055,6.530404090881348
02-01-2003,7.605000019073486,7.6875,188800,7.775000095367432,7.762499809265137,6.632943153381348
03-01-2003,7.6875,7.75,306800,7.784999847412109,7.730000019073486,6.605174064636231
06-01-2003,7.769999980926514,7.787499904632568,517200,7.852499961853027,7.840000152587891,6.699166774749756
07-01-2003,7.762499809265137,7.837500095367432,671200,7.872499942779541,7.840000152587891,6.699166774749756
08-01-2003,7.837500095367432,7.849999904632568,414800,7.875,7.864999771118164,6.720529556274414
09-01-2003,7.875,7.875,522000,8.012499809265137,7.989999771118164,6.827340602874756
10-01-2003,7.972499847412109,7.987500190734863,323600,8.052499771118164,7.992499828338623,6.8294758796691895
13-01-2003,7.992499828338623,7.992499828338623,553200,8.117500305175781,8.114999771118164,6.934150218963623
14-01-2003,8.125,8.125,1412400,8.5024995803833,8.467499732971191,7.23535680770874
15-01-2003,8.199999809265137,8.5,942000,8.5,8.489999771118164,7.254580974578857
16-01-2003,8.3125,8.350000381469727,835200,8.422499656677246,8.414999961853027,7.190497398376465
17-01-2003,8.305000305175781,8.375,311200,8.399999618530273,8.399999618530273,7.177679061889648
21-01-2003,8.27750015258789,8.362500190734863,552400,8.3725004196167,8.297499656677246,7.090092658996582
22-01-2003,8.1875,8.199999809265137,533200,8.28499984741211,8.244999885559082,7.045233249664307
23-01-2003,8.300000190734863,8.300000190734863,607600,8.494999885559082,8.462499618530273,7.231081485748291
24-01-2003,8.34000015258789,8.462499618530273,488800,8.462499618530273,8.404999732971191,7.181949615478516
27-01-2003,8.227499961853027,8.462499618530273,769200,8.462499618530273,8.3100004196167,7.100776195526123
28-01-2003,8.082500457763672,8.3125,448400,8.324999809265137,8.22249984741211,7.026007175445557
29-01-2003,8.15999984741211,8.15999984741211,641600,8.28499984741211,8.25,7.049505233764648
30-01-2003,8.037500381469727,8.2524995803833,406400,8.270000457763672,8.112500190734863,6.932013988494873
31-01-2003,8.112500190734863,8.114999771118164,762400,8.297499656677246,8.287500381469727,7.081549644470215
03-02-2003,8.162500381469727,8.337499618530273,1834000,8.34749984741211,8.197500228881836,7.004646301269531
04-02-2003,8.302499771118164,8.337499618530273,1461600,8.47249984741211,8.414999961853027,7.190497398376465
05-02-2003,8.2475004196167,8.337499618530273,783600,8.375,8.359999656677246,7.143496513366699
06-02-2003,8.092499732971191,8.192500114440918,1105200,8.274999618530273,8.2524995803833,7.051642417907715
07-02-2003,8.112500190734863,8.199999809265137,1191600,8.244999885559082,8.162500381469727,6.9747395515441895
10-02-2003,8.0625,8.162500381469727,1349600,8.182499885559082,8.149999618530273,6.964056968688965
11-02-2003,8.0625,8.087499618530273,1438400,8.142499923706055,8.107500076293945,6.927741050720215
12-02-2003,8.074999809265137,8.087499618530273,1170000,8.162500381469727,8.100000381469727,6.921333312988281
13-02-2003,7.909999847412109,8.024999618530273,1301600,8.057499885559082,7.982500076293945,6.820931434631348
14-02-2003,7.6875,7.824999809265137,947600,7.942500114440918,7.942500114440918,6.786751747131348
18-02-2003,7.90500020980835,7.942500114440918,1612000,7.994999885559082,7.922500133514404,6.769662857055664
19-02-2003,7.835000038146973,7.925000190734863,925600,7.925000190734863,7.835000038146973,6.694894790649414
20-02-2003,7.8125,7.837500095367432,537200,7.880000114440918,7.855000019073486,6.711984157562256
21-02-2003,7.78249979019165,7.824999809265137,620800,7.914999961853027,7.875,6.729073524475098
24-02-2003,7.777500152587891,7.875,475200,7.875,7.792500019073486,6.6585798263549805
25-02-2003,7.602499961853027,7.737500190734863,694400,7.900000095367432,7.894999980926514,6.746163845062256
26-02-2003,7.827499866485596,7.862500190734863,842400,7.927499771118164,7.900000095367432,6.750435829162598
27-02-2003,7.872499942779541,7.900000095367432,757200,7.945000171661377,7.900000095367432,6.750435829162598
28-02-2003,7.8125,7.900000095367432,444400,7.900000095367432,7.852499961853027,6.709847927093506
03-03-2003,7.664999961853027,7.869999885559082,461600,7.929999828338623,7.762499809265137,6.632943153381348
04-03-2003,7.610000133514404,7.612500190734863,541600,7.735000133514404,7.625,6.5154523849487305
05-03-2003,7.389999866485596,7.400000095367432,988000,7.625,7.605000019073486,6.498363018035889
06-03-2003,7.5,7.550000190734863,606000,7.652500152587891,7.587500095367432,6.483407974243164
07-03-2003,7.612500190734863,7.625,944800,7.744999885559082,7.742499828338623,6.6158552169799805
10-03-2003,7.652500152587891,7.699999809265137,624800,7.742499828338623,7.684999942779541,6.566723346710205
11-03-2003,7.59250020980835,7.6875,761200,7.702499866485596,7.605000019073486,6.498363018035889
12-03-2003,7.347499847412109,7.550000190734863,638000,7.550000190734863,7.425000190734863,6.34455680847168
13-03-2003,7.332499980926514,7.425000190734863,791600,7.449999809265137,7.434999942779541,6.353100299835205
14-03-2003,7.349999904632568,7.412499904632568,446400,7.487500190734863,7.417500019073486,6.338147640228272
17-03-2003,7.375,7.417500019073486,841600,7.5625,7.512499809265137,6.419322967529297
18-03-2003,7.449999809265137,7.512499809265137,767200,7.525000095367432,7.525000095367432,6.430003643035889
19-03-2003,7.449999809265137,7.537499904632568,353200,7.537499904632568,7.510000228881836,6.417187213897705
20-03-2003,7.375,7.449999809265137,725200,7.462500095367432,7.462500095367432,6.376598834991455
21-03-2003,7.489999771118164,7.5,930400,7.735000133514404,7.677499771118164,6.5603132247924805
24-03-2003,7.485000133514404,7.565000057220459,500800,7.574999809265137,7.512499809265137,6.419322967529297
25-03-2003,7.517499923706055,7.525000095367432,513200,7.599999904632568,7.599999904632568,6.494090080261231
26-03-2003,7.447500228881836,7.514999866485596,2218800,7.547500133514404,7.53000020980835,6.4342780113220215
27-03-2003,7.550000190734863,7.550000190734863,1557200,7.900000095367432,7.887499809265137,6.739753723144531
28-03-2003,7.809999942779541,7.809999942779541,857200,8.010000228881836,7.989999771118164,6.827340602874756
31-03-2003,7.807499885559082,7.989999771118164,823600,8.024999618530273,7.994999885559082,6.83161211013794
01-04-2003,7.940000057220459,7.977499961853027,626400,8.100000381469727,8.087499618530273,6.910652160644531
02-04-2003,8.015000343322754,8.09000015258789,724800,8.162500381469727,8.104999542236328,6.925605297088623
03-04-2003,7.925000190734863,8.0625,585200,8.0625,8.0,6.835885524749756
04-04-2003,8.017499923706055,8.024999618530273,1134800,8.112500190734863,8.102499961853027,6.923468589782715
07-04-2003,8.172499656677246,8.175000190734863,1444000,8.305000305175781,8.255000114440918,7.053779125213623
08-04-2003,8.2524995803833,8.287500381469727,1730000,8.5,8.487500190734863,7.252447128295898
09-04-2003,8.475000381469727,8.5,2034400,8.625,8.5024995803833,7.265262603759766
10-04-2003,8.375,8.442500114440918,1296400,8.522500038146973,8.5024995803833,7.265262603759766
11-04-2003,8.449999809265137,8.515000343322754,408400,8.5625,8.46500015258789,7.233221054077148
14-04-2003,8.274999618530273,8.3125,652400,8.3725004196167,8.354999542236328,7.139227390289307
15-04-2003,8.327500343322754,8.354999542236328,352800,8.47249984741211,8.46500015258789,7.233221054077148
16-04-2003,8.369999885559082,8.46500015258789,537200,8.46500015258789,8.432499885559082,7.205451011657715
17-04-2003,8.4350004196167,8.4350004196167,716800,8.53499984741211,8.524999618530273,7.284489631652832
21-04-2003,8.452500343322754,8.5,652800,8.529999732971191,8.524999618530273,7.284489631652832
22-04-2003,8.47249984741211,8.524999618530273,559600,8.647500038146973,8.6274995803833,7.372072219848633
23-04-2003,8.837499618530273,8.9375,3074400,9.104999542236328,9.0625,7.743777275085449
24-04-2003,8.949999809265137,8.975000381469727,1304800,9.274999618530272,9.199999809265137,7.861268043518066
25-04-2003,9.125,9.212499618530272,722800,9.25,9.1899995803833,7.852720737457275
28-04-2003,9.074999809265137,9.082500457763672,1228400,9.350000381469728,9.300000190734863,7.94671630859375
29-04-2003,9.015000343322754,9.237500190734863,838000,9.239999771118164,9.137499809265137,7.807859420776367
30-04-2003,8.987500190734863,8.987500190734863,1021600,9.3100004196167,9.170000076293944,7.835630893707275
01-05-2003,9.02750015258789,9.100000381469728,682400,9.102499961853027,9.032500267028809,7.718140602111816
02-05-2003,9.0024995803833,9.012499809265137,1094800,9.385000228881836,9.3774995803833,8.01293659210205
05-05-2003,9.3125,9.375,1645600,9.5,9.5,8.1176118850708
06-05-2003,9.289999961853027,9.5,870400,9.649999618530272,9.345000267028809,7.985168933868408
07-05-2003,9.199999809265137,9.287500381469728,646800,9.350000381469728,9.199999809265137,7.861268043518066
08-05-2003,9.167499542236328,9.199999809265137,422800,9.274999618530272,9.217499732971191,7.876221179962158
09-05-2003,9.015000343322754,9.217499732971191,1057200,9.217499732971191,9.175000190734863,7.839905261993408
12-05-2003,9.109999656677246,9.125,889200,9.324999809265137,9.324999809265137,7.96807861328125
13-05-2003,9.1899995803833,9.237500190734863,521600,9.2475004196167,9.199999809265137,7.861268043518066
14-05-2003,9.037500381469728,9.199999809265137,597600,9.199999809265137,9.072500228881836,7.752321243286133
15-05-2003,9.0625,9.087499618530272,845600,9.204999923706056,9.149999618530272,7.818541526794434
16-05-2003,9.0625,9.112500190734863,1049600,9.234999656677246,9.0625,7.743777275085449
19-05-2003,8.887499809265137,9.010000228881836,779600,9.0600004196167,8.987500190734863,7.679689407348633
20-05-2003,8.8774995803833,8.949999809265137,636000,9.0625,9.0625,7.743777275085449
21-05-2003,8.899999618530273,9.0,423600,9.125,9.109999656677246,7.784363269805908
22-05-2003,9.074999809265137,9.112500190734863,966800,9.34000015258789,9.300000190734863,7.94671630859375
23-05-2003,9.212499618530272,9.25,590000,9.375,9.350000381469728,7.989439964294434
27-05-2003,9.287500381469728,9.287500381469728,1077600,9.675000190734863,9.56999969482422,8.1774263381958
28-05-2003,9.585000038146973,9.585000038146973,1688800,9.917499542236328,9.817500114440918,8.388915061950684
29-05-2003,9.68000030517578,9.725000381469728,2248800,9.850000381469728,9.755000114440918,8.3355073928833
30-05-2003,9.755000114440918,9.772500038146973,1076000,10.0,9.949999809265137,8.502134323120117
02-06-2003,9.875,9.987500190734863,898800,10.0,9.99250030517578,8.53844928741455
03-06-2003,9.88249969482422,9.949999809265137,896400,10.037500381469728,9.9975004196167,8.542718887329102
04-06-2003,9.975000381469728,9.975000381469728,575600,10.125,10.095000267028809,8.626033782958984
05-06-2003,9.979999542236328,10.074999809265137,1174800,10.234999656677246,10.232500076293944,8.743526458740234
06-06-2003,10.0625,10.25,1700800,10.345000267028809,10.0625,8.598257064819336
09-06-2003,10.00749969482422,10.0649995803833,468400,10.1225004196167,10.0649995803833,8.600395202636719
10-06-2003,10.024999618530272,10.0649995803833,474400,10.225000381469728,10.225000381469728,8.737114906311035
11-06-2003,10.137499809265137,10.225000381469728,554400,10.31999969482422,10.31999969482422,8.818291664123535
12-06-2003,10.210000038146973,10.362500190734863,386000,10.375,10.300000190734863,8.801201820373535
13-06-2003,10.25,10.300000190734863,715200,10.332500457763672,10.255000114440918,8.762749671936035
16-06-2003,10.050000190734863,10.100000381469728,1210800,10.324999809265137,10.300000190734863,8.801201820373535
17-06-2003,10.1899995803833,10.274999618530272,691600,10.475000381469728,10.420000076293944,8.903739929199219
18-06-2003,10.324999809265137,10.375,1000400,10.5,10.487500190734863,8.96141529083252
19-06-2003,10.0649995803833,10.484999656677246,970400,10.547499656677246,10.077500343322754,8.611080169677734
20-06-2003,9.9375,10.125,663200,10.137499809265137,10.022500038146973,8.564083099365234
23-06-2003,9.487500190734863,9.850000381469728,1092000,9.850000381469728,9.767499923706056,8.346187591552734
24-06-2003,9.677499771118164,9.767499923706056,467200,9.8125,9.787500381469728,8.363276481628418
25-06-2003,9.699999809265137,9.787500381469728,962800,9.8125,9.8125,8.384638786315918
26-06-2003,9.675000190734863,9.675000190734863,778000,9.8725004196167,9.850000381469728,8.416681289672852
27-06-2003,9.770000457763672,9.824999809265137,1488800,10.0,9.852499961853027,8.418821334838867
30-06-2003,9.707500457763672,9.852499961853027,2331600,9.899999618530272,9.800000190734863,8.373957633972168
01-07-2003,9.512499809265137,9.725000381469728,1574000,9.725000381469728,9.645000457763672,8.241511344909668
02-07-2003,9.595000267028809,9.595000267028809,816000,9.862500190734863,9.862500190734863,8.42736530303955
03-07-2003,9.647500038146973,9.649999618530272,548000,9.8125,9.797499656677246,8.371820449829102
07-07-2003,9.774999618530272,9.797499656677246,872000,9.84749984741211,9.84749984741211,8.414546966552734
08-07-2003,9.8149995803833,9.824999809265137,1934000,9.987500190734863,9.987500190734863,8.53417682647705
09-07-2003,9.962499618530272,10.0,2007600,10.079999923706056,10.0625,8.598257064819336
10-07-2003,10.114999771118164,10.137499809265137,1106400,10.287500381469728,10.287500381469728,8.790518760681152
11-07-2003,10.225000381469728,10.262499809265137,641600,10.3774995803833,10.375,8.865286827087402
14-07-2003,10.287500381469728,10.324999809265137,499600,10.36750030517578,10.307499885559082,8.807611465454102
15-07-2003,10.1899995803833,10.199999809265137,456400,10.274999618530272,10.197500228881836,8.713619232177734
16-07-2003,10.050000190734863,10.237500190734863,503200,10.25,10.125,8.651667594909668
17-07-2003,9.81999969482422,10.125,904400,10.149999618530272,9.890000343322754,8.450859069824219
18-07-2003,9.875,9.875,618400,10.074999809265137,10.074999809265137,8.608940124511719
21-07-2003,9.81999969482422,9.942500114440918,328400,9.957500457763672,9.907500267028809,8.465813636779785
22-07-2003,9.75,9.787500381469728,614400,9.975000381469728,9.97249984741211,8.521358489990234
23-07-2003,9.925000190734863,10.0,301600,10.0625,10.0625,8.598257064819336
24-07-2003,10.037500381469728,10.125,472400,10.15250015258789,10.037500381469728,8.576898574829102
25-07-2003,9.952500343322754,10.037500381469728,347200,10.100000381469728,10.06999969482422,8.604668617248535
28-07-2003,10.0,10.074999809265137,584800,10.095000267028809,10.0,8.5448579788208
29-07-2003,10.020000457763672,10.020000457763672,295200,10.149999618530272,10.100000381469728,8.630305290222168
30-07-2003,9.899999618530272,10.100000381469728,533600,10.100000381469728,9.962499618530272,8.512809753417969
31-07-2003,9.899999618530272,9.96500015258789,326800,10.050000190734863,9.925000190734863,8.480770111083984
01-08-2003,9.772500038146973,9.875,322400,9.989999771118164,9.772500038146973,8.350462913513184
04-08-2003,9.737500190734863,9.800000190734863,363200,9.899999618530272,9.885000228881836,8.446589469909668
05-08-2003,9.774999618530272,9.824999809265137,417600,9.899999618530272,9.779999732971191,8.356867790222168
06-08-2003,10.0,10.0,2486800,10.462499618530272,10.375,8.865286827087402
07-08-2003,10.337499618530272,10.387499809265137,611200,10.5,10.487500190734863,8.96141529083252
08-08-2003,10.274999618530272,10.3125,447200,10.3774995803833,10.307499885559082,8.807611465454102
11-08-2003,10.25,10.25,587600,10.462499618530272,10.375,8.865286827087402
12-08-2003,10.462499618530272,10.462499618530272,1489600,10.922499656677246,10.899999618530272,9.313895225524902
13-08-2003,10.864999771118164,10.875,1330400,11.13249969482422,10.975000381469728,9.377978324890137
14-08-2003,10.800000190734863,10.899999618530272,456000,10.987500190734863,10.925000190734863,9.335251808166504
15-08-2003,10.942500114440918,10.949999809265137,142000,10.99250030517578,10.96500015258789,9.369436264038086
18-08-2003,10.774999618530272,10.875,633200,10.887499809265137,10.845000267028809,9.266895294189451
19-08-2003,10.774999618530272,10.875,870400,10.875,10.850000381469728,9.271163940429688
20-08-2003,10.8125,10.845000267028809,369600,10.854999542236328,10.852499961853027,9.273307800292969
21-08-2003,10.787500381469728,10.787500381469728,467200,10.875,10.850000381469728,9.271163940429688
22-08-2003,10.607500076293944,10.699999809265137,731600,10.725000381469728,10.61750030517578,9.07249927520752
25-08-2003,10.390000343322754,10.512499809265137,840000,10.512499809265137,10.40250015258789,8.888785362243652
26-08-2003,10.324999809265137,10.324999809265137,536400,10.537500381469728,10.5,8.97209644317627
27-08-2003,10.487500190734863,10.524999618530272,290400,10.587499618530272,10.487500190734863,8.96141529083252
28-08-2003,10.479999542236328,10.494999885559082,714000,10.81999969482422,10.81999969482422,9.245532035827637
29-08-2003,10.6875,10.81999969482422,437200,10.824999809265137,10.824999809265137,9.249807357788086
02-09-2003,10.677499771118164,10.762499809265137,562800,10.824999809265137,10.800000190734863,9.228447914123535
03-09-2003,10.675000190734863,10.74250030517578,689200,10.7524995803833,10.675000190734863,9.121633529663086
04-09-2003,10.640000343322754,10.677499771118164,840000,10.725000381469728,10.725000381469728,9.16435718536377
05-09-2003,10.640000343322754,10.725000381469728,476800,10.792499542236328,10.649999618530272,9.10027313232422
08-09-2003,10.6274995803833,10.649999618530272,620400,10.734999656677246,10.6875,9.132311820983888
09-09-2003,10.677499771118164,10.6875,930400,10.727499961853027,10.710000038146973,9.15154266357422
10-09-2003,10.475000381469728,10.649999618530272,682400,10.675000190734863,10.49250030517578,8.965685844421387
11-09-2003,10.550000190734863,10.550000190734863,286000,10.670000076293944,10.614999771118164,9.070363998413086
12-09-2003,10.585000038146973,10.614999771118164,381200,10.702500343322754,10.670000076293944,9.117363929748535
15-09-2003,10.672499656677246,10.675000190734863,431600,10.78499984741211,10.774999618530272,9.20708179473877
16-09-2003,10.737500190734863,10.774999618530272,270800,10.897500038146973,10.897500038146973,9.311759948730469
17-09-2003,10.699999809265137,10.75,317200,10.824999809265137,10.712499618530272,9.153677940368652
18-09-2003,10.71500015258789,10.71500015258789,218800,10.800000190734863,10.78499984741211,9.215631484985352
19-09-2003,10.704999923706056,10.800000190734863,266400,10.84749984741211,10.712499618530272,9.153677940368652
22-09-2003,10.40250015258789,10.637499809265137,717200,10.637499809265137,10.40999984741211,8.895194053649902
23-09-2003,10.412500381469728,10.412500381469728,1314400,10.774999618530272,10.725000381469728,9.16435718536377
24-09-2003,10.69499969482422,10.725000381469728,726400,10.920000076293944,10.8125,9.239127159118652
25-09-2003,10.649999618530272,10.6875,685600,10.864999771118164,10.760000228881836,9.194263458251951
26-09-2003,10.702500343322754,10.725000381469728,630000,10.787500381469728,10.75,9.185721397399902
29-09-2003,10.737500190734863,10.7524995803833,342400,10.897500038146973,10.8774995803833,9.29466438293457
30-09-2003,10.800000190734863,10.850000381469728,756400,11.042499542236328,10.994999885559082,9.395068168640137
01-10-2003,10.975000381469728,10.975000381469728,1711200,11.375,11.300000190734863,9.65568733215332
02-10-2003,11.229999542236328,11.25,994800,11.5625,11.447500228881836,9.781723022460938
03-10-2003,11.399999618530272,11.5,634800,11.587499618530272,11.5,9.826586723327637
06-10-2003,11.475000381469728,11.475000381469728,576400,11.675000190734863,11.6225004196167,9.93125820159912
07-10-2003,11.449999809265137,11.619999885559082,826400,11.619999885559082,11.49250030517578,9.820175170898438
08-10-2003,11.43000030517578,11.49250030517578,534800,11.604999542236328,11.512499809265137,9.837265968322754
09-10-2003,11.449999809265137,11.4975004196167,439200,11.587499618530272,11.475000381469728,9.805222511291504
10-10-2003,11.5,11.5,243200,11.56999969482422,11.542499542236328,9.862899780273438
13-10-2003,11.449999809265137,11.542499542236328,361200,11.625,11.487500190734863,9.815902709960938
14-10-2003,11.350000381469728,11.399999618530272,496000,11.420000076293944,11.352499961853027,9.700550079345703
15-10-2003,11.27750015258789,11.337499618530272,510400,11.425000190734863,11.3774995803833,9.721908569335938
16-10-2003,11.282500267028809,11.350000381469728,406800,11.3725004196167,11.362500190734863,9.709091186523438
17-10-2003,11.237500190734863,11.324999809265137,306400,11.324999809265137,11.2524995803833,9.615100860595703
20-10-2003,11.25,11.25,486400,11.307499885559082,11.295000076293944,9.651415824890137
21-10-2003,11.25,11.295000076293944,512400,11.392499923706056,11.31999969482422,9.672776222229004
22-10-2003,11.237500190734863,11.34000015258789,886400,11.34000015258789,11.25749969482422,9.619369506835938
23-10-2003,11.09000015258789,11.170000076293944,365600,11.295000076293944,11.262499809265137,9.623644828796388
24-10-2003,11.225000381469728,11.262499809265137,189600,11.3100004196167,11.262499809265137,9.623644828796388
27-10-2003,10.550000190734863,10.975000381469728,3279200,10.977499961853027,10.649999618530272,9.10027313232422
28-10-2003,10.649999618530272,10.65250015258789,1593200,10.949999809265137,10.917499542236328,9.328845024108888
29-10-2003,9.850000381469728,10.920000076293944,5839200,10.920000076293944,10.324999809265137,8.82256031036377
30-10-2003,10.447500228881836,10.512499809265137,1322000,10.557499885559082,10.520000457763672,8.989187240600586
31-10-2003,10.375,10.522500038146973,668800,10.522500038146973,10.442500114440918,8.922962188720703
03-11-2003,10.300000190734863,10.425000190734863,1430400,10.427499771118164,10.337499618530272,8.833244323730469
04-11-2003,10.017499923706056,10.300000190734863,1726000,10.300000190734863,10.050000190734863,8.587579727172852
05-11-2003,10.050000190734863,10.050000190734863,1384800,10.274999618530272,10.267499923706056,8.773433685302734
06-11-2003,10.125,10.270000457763672,843600,10.337499618530272,10.197500228881836,8.713619232177734
07-11-2003,10.024999618530272,10.087499618530272,814000,10.170000076293944,10.102499961853027,8.632440567016602
10-11-2003,10.029999732971191,10.125,618400,10.125,10.037500381469728,8.576898574829102
11-11-2003,10.074999809265137,10.149999618530272,669600,10.15999984741211,10.149999618530272,8.673026084899902
12-11-2003,10.1875,10.34749984741211,977200,10.34749984741211,10.3100004196167,8.809744834899902
13-11-2003,10.102499961853027,10.162500381469728,760000,10.1850004196167,10.15250015258789,8.675167083740234
14-11-2003,10.085000038146973,10.15250015258789,768000,10.220000267028809,10.09000015258789,8.621759414672852
17-11-2003,9.987500190734863,10.012499809265137,900800,10.0600004196167,10.024999618530272,8.566221237182617
18-11-2003,9.9350004196167,10.024999618530272,627600,10.0600004196167,9.9375,8.491453170776367
19-11-2003,9.75749969482422,9.9375,923200,9.9375,9.904999732971191,8.463679313659668
20-11-2003,9.71500015258789,9.842499732971191,1460800,9.862500190734863,9.8149995803833,8.386775016784668
21-11-2003,9.6875,9.800000190734863,968000,9.800000190734863,9.74250030517578,8.32482624053955
24-11-2003,9.75,9.75,1067600,9.8100004196167,9.80500030517578,8.378229141235352
25-11-2003,9.737500190734863,9.774999618530272,1410000,9.787500381469728,9.75,8.331233024597168
26-11-2003,9.6899995803833,9.737500190734863,2956400,9.762499809265137,9.75,8.331233024597168
28-11-2003,9.72249984741211,9.75,646800,9.782500267028809,9.75,8.331233024597168
01-12-2003,9.649999618530272,9.649999618530272,1142400,9.739999771118164,9.727499961853027,8.312005996704102
02-12-2003,9.447500228881836,9.5,1422000,9.56999969482422,9.512499809265137,8.128294944763184
03-12-2003,9.68000030517578,9.720000267028809,1668800,9.772500038146973,9.725000381469728,8.309874534606934
04-12-2003,9.99250030517578,10.0,2347600,10.147500038146973,10.050000190734863,8.587579727172852
05-12-2003,10.28499984741211,10.612500190734863,1859200,10.612500190734863,10.327500343322754,8.824699401855469
08-12-2003,10.302499771118164,10.302499771118164,795200,10.457500457763672,10.449999809265137,8.929374694824219
09-12-2003,10.337499618530272,10.375,908000,10.479999542236328,10.337499618530272,8.833244323730469
10-12-2003,10.207500457763672,10.212499618530272,958800,10.270000457763672,10.229999542236328,8.741386413574219
11-12-2003,10.137499809265137,10.149999618530272,735200,10.362500190734863,10.34000015258789,8.835381507873535
12-12-2003,10.229999542236328,10.237500190734863,805200,10.287500381469728,10.262499809265137,8.769157409667969
15-12-2003,10.234999656677246,10.3125,480400,10.350000381469728,10.287500381469728,8.790518760681152
16-12-2003,10.2475004196167,10.287500381469728,714000,10.332500457763672,10.3149995803833,8.814018249511719
17-12-2003,10.232500076293944,10.25,763200,10.352499961853027,10.337499618530272,8.833244323730469
18-12-2003,10.244999885559082,10.274999618530272,733600,10.3725004196167,10.3725004196167,8.863151550292969
19-12-2003,10.2524995803833,10.287500381469728,1000800,10.449999809265137,10.449999809265137,8.929374694824219
22-12-2003,10.295000076293944,10.412500381469728,580800,10.4375,10.38249969482422,8.871696472167969
23-12-2003,10.385000228881836,10.412500381469728,582000,10.517499923706056,10.517499923706056,8.987051963806152
24-12-2003,10.414999961853027,10.517499923706056,346400,10.5600004196167,10.414999961853027,8.899469375610352
26-12-2003,10.425000190734863,10.542499542236328,108800,10.542499542236328,10.457500457763672,8.935783386230469
29-12-2003,10.457500457763672,10.5,608000,10.574999809265137,10.5,8.97209644317627
30-12-2003,10.55500030517578,10.5625,480000,10.654999732971191,10.587499618530272,9.04686450958252
31-12-2003,10.385000228881836,10.587499618530272,522800,10.59000015258789,10.385000228881836,8.873828887939453
02-01-2004,10.357500076293944,10.375,316400,10.5,10.5,8.97209644317627
05-01-2004,10.422499656677246,10.449999809265137,1006800,10.53499984741211,10.487500190734863,8.96141529083252
06-01-2004,10.324999809265137,10.4350004196167,1657200,10.449999809265137,10.352499961853027,8.846061706542969
07-01-2004,10.21500015258789,10.25,911600,10.3149995803833,10.287500381469728,8.790518760681152
08-01-2004,10.300000190734863,10.350000381469728,567600,10.4375,10.397500038146973,8.884512901306152
09-01-2004,10.329999923706056,10.342499732971191,335200,10.432499885559082,10.345000267028809,8.839652061462402
12-01-2004,10.237500190734863,10.25,431200,10.407500267028809,10.407500267028809,8.893058776855469
13-01-2004,10.149999618530272,10.204999923706056,1472400,10.2475004196167,10.220000267028809,8.732840538024902
14-01-2004,10.204999923706056,10.204999923706056,582000,10.282500267028809,10.270000457763672,8.775565147399902
15-01-2004,10.225000381469728,10.287500381469728,615200,10.447500228881836,10.407500267028809,8.893058776855469
16-01-2004,10.345000267028809,10.470000267028809,1353600,10.55500030517578,10.350000381469728,8.843924522399902
20-01-2004,10.087499618530272,10.287500381469728,1280400,10.287500381469728,10.172499656677246,8.692255973815918
21-01-2004,10.114999771118164,10.162500381469728,752000,10.322500228881836,10.3125,8.811882972717285
22-01-2004,10.3125,10.3125,776000,10.4975004196167,10.46500015258789,8.942192077636719
23-01-2004,10.422499656677246,10.425000190734863,1188000,10.942500114440918,10.725000381469728,9.16435718536377
26-01-2004,10.524999618530272,10.524999618530272,700800,10.817500114440918,10.787500381469728,9.217761993408203
27-01-2004,10.6274995803833,10.6875,966400,10.710000038146973,10.675000190734863,9.121633529663086
28-01-2004,10.512499809265137,10.587499618530272,888800,10.6274995803833,10.537500381469728,9.004142761230469
29-01-2004,10.399999618530272,10.47249984741211,607600,10.4975004196167,10.462499618530272,8.940053939819336
30-01-2004,10.44499969482422,10.449999809265137,1711600,11.149999618530272,11.012499809265137,9.410024642944336
02-02-2004,10.77750015258789,10.842499732971191,1331200,11.0625,11.037500381469728,9.431384086608888
03-02-2004,10.975000381469728,10.975000381469728,1718800,11.337499618530272,11.262499809265137,9.623644828796388
04-02-2004,11.112500190734863,11.1875,2164800,11.425000190734863,11.324999809265137,9.67704963684082
05-02-2004,11.25,11.25,5950000,12.0,11.7524995803833,10.042339324951172
06-02-2004,11.6875,11.6875,1650000,12.085000038146973,11.949999809265137,10.211103439331056
09-02-2004,11.762499809265137,11.887499809265137,1955600,11.887499809265137,11.767499923706056,10.055160522460938
10-02-2004,11.625,11.649999618530272,2033600,11.699999809265137,11.649999618530272,9.954756736755373
11-02-2004,11.68000030517578,11.68000030517578,1745600,12.06999969482422,11.987500190734863,10.243146896362305
12-02-2004,11.829999923706056,11.869999885559082,997200,11.922499656677246,11.850000381469728,10.125657081604004
13-02-2004,11.737500190734863,11.800000190734863,1058800,11.854999542236328,11.837499618530272,10.114974975585938
17-02-2004,11.545000076293944,11.647500038146973,1216400,11.6875,11.5625,9.879985809326172
18-02-2004,11.512499809265137,11.512499809265137,611600,11.732500076293944,11.537500381469728,9.858625411987305
19-02-2004,11.524999618530272,11.587499618530272,322000,11.767499923706056,11.524999618530272,9.847946166992188
20-02-2004,11.329999923706056,11.475000381469728,1027600,11.484999656677246,11.342499732971191,9.692001342773438
23-02-2004,11.399999618530272,11.425000190734863,680000,11.552499771118164,11.425000190734863,9.762496948242188
24-02-2004,11.270000457763672,11.337499618530272,620800,11.425000190734863,11.38249969482422,9.726183891296388
25-02-2004,11.375,11.392499923706056,955600,11.487500190734863,11.452500343322754,9.78599739074707
26-02-2004,11.460000038146973,11.460000038146973,444800,11.604999542236328,11.5649995803833,9.882123947143556
27-02-2004,11.5024995803833,11.537500381469728,942000,11.789999961853027,11.765000343322754,10.053024291992188
01-03-2004,11.729999542236328,11.772500038146973,701200,11.81999969482422,11.802499771118164,10.08506202697754
02-03-2004,11.682499885559082,11.774999618530272,509600,11.8100004196167,11.6850004196167,9.984663963317873
03-03-2004,11.5024995803833,11.612500190734863,508800,11.612500190734863,11.585000038146973,9.899215698242188
04-03-2004,11.537500381469728,11.574999809265137,466800,11.675000190734863,11.630000114440918,9.937666893005373
05-03-2004,11.537500381469728,11.574999809265137,709200,11.774999618530272,11.774999618530272,10.061566352844238
08-03-2004,11.725000381469728,11.774999618530272,327200,11.837499618530272,11.837499618530272,10.114974975585938
09-03-2004,11.727499961853027,11.837499618530272,387200,11.837499618530272,11.727499961853027,10.02097988128662
10-03-2004,11.5625,11.727499961853027,439200,11.727499961853027,11.5649995803833,9.882123947143556
11-03-2004,11.412500381469728,11.462499618530272,353200,11.587499618530272,11.470000267028809,9.800951957702637
12-03-2004,11.385000228881836,11.5,384400,11.557499885559082,11.399999618530272,9.741134643554688
15-03-2004,11.142499923706056,11.34749984741211,532400,11.375,11.239999771118164,9.60442066192627
16-03-2004,11.130000114440918,11.239999771118164,623200,11.375,11.1875,9.559556007385254
17-03-2004,11.25,11.25,492400,11.324999809265137,11.282500267028809,9.64073371887207
18-03-2004,11.3125,11.324999809265137,621200,11.4375,11.364999771118164,9.71122932434082
19-03-2004,11.28499984741211,11.375,975200,11.640000343322754,11.449999809265137,9.783859252929688
22-03-2004,11.199999809265137,11.425000190734863,750000,11.4350004196167,11.220000267028809,9.58732795715332
23-03-2004,11.095000267028809,11.220000267028809,774000,11.220000267028809,11.149999618530272,9.527511596679688
24-03-2004,11.100000381469728,11.149999618530272,293600,11.1875,11.100000381469728,9.484786987304688
25-03-2004,11.082500457763672,11.112500190734863,558400,11.147500038146973,11.1225004196167,9.504018783569336
26-03-2004,11.1225004196167,11.25,320000,11.279999732971191,11.1875,9.559556007385254
29-03-2004,11.135000228881836,11.162500381469728,480000,11.289999961853027,11.232500076293944,9.598008155822754
30-03-2004,11.232500076293944,11.234999656677246,358000,11.350000381469728,11.342499732971191,9.692001342773438
31-03-2004,11.282500267028809,11.345000267028809,441200,11.427499771118164,11.297499656677246,9.653552055358888
01-04-2004,11.175000190734863,11.297499656677246,1255600,11.307499885559082,11.210000038146973,9.578783988952637
02-04-2004,11.15250015258789,11.15250015258789,691200,11.287500381469728,11.274999618530272,9.634323120117188
05-04-2004,11.345000267028809,11.375,616800,11.462499618530272,11.425000190734863,9.762496948242188
06-04-2004,11.425000190734863,11.425000190734863,712400,11.682499885559082,11.602499961853027,9.91416835784912
07-04-2004,11.574999809265137,11.647500038146973,1279200,11.720000267028809,11.702500343322754,9.999618530273438
08-04-2004,11.662500381469728,11.725000381469728,490800,11.792499542236328,11.662500381469728,9.965439796447754
12-04-2004,11.600000381469728,11.664999961853027,328800,11.725000381469728,11.725000381469728,10.018844604492188
13-04-2004,11.625,11.672499656677246,866000,11.697500228881836,11.649999618530272,9.954756736755373
14-04-2004,11.49250030517578,11.49250030517578,1417600,11.574999809265137,11.5649995803833,9.882123947143556
15-04-2004,11.5649995803833,11.582500457763672,632800,11.640000343322754,11.625,9.933395385742188
16-04-2004,11.614999771118164,11.6274995803833,372800,11.699999809265137,11.672499656677246,9.97398567199707
19-04-2004,11.595000267028809,11.675000190734863,303200,11.75,11.6875,9.986802101135254
20-04-2004,11.637499809265137,11.699999809265137,312000,11.72249984741211,11.6899995803833,9.988935470581056
21-04-2004,11.600000381469728,11.662500381469728,822000,11.962499618530272,11.954999923706056,10.215376853942873
22-04-2004,11.920000076293944,11.99250030517578,485200,12.0625,12.0625,10.30723476409912
23-04-2004,11.949999809265137,12.024999618530272,527200,12.057499885559082,12.024999618530272,10.275189399719238
26-04-2004,11.912500381469728,12.024999618530272,370800,12.1875,11.949999809265137,10.211103439331056
27-04-2004,12.125,12.125,1160400,12.470000267028809,12.352499961853027,10.55502986907959
28-04-2004,12.30500030517578,12.352499961853027,1054000,12.460000038146973,12.4350004196167,10.625527381896973
29-04-2004,12.262499809265137,12.262499809265137,1036800,12.460000038146973,12.38249969482422,10.58066463470459
30-04-2004,12.175000190734863,12.375,1366800,12.375,12.31999969482422,10.527261734008787
03-05-2004,12.237500190734863,12.317500114440918,758800,12.3725004196167,12.3149995803833,10.522988319396973
04-05-2004,12.25749969482422,12.25749969482422,616000,12.487500190734863,12.462499618530272,10.64902687072754
05-05-2004,12.362500190734863,12.4375,903600,12.725000381469728,12.68000030517578,10.83487606048584
06-05-2004,12.427499771118164,12.574999809265137,517200,12.574999809265137,12.427499771118164,10.61911964416504
07-05-2004,12.207500457763672,12.425000190734863,526400,12.44499969482422,12.212499618530272,10.435404777526855
10-05-2004,11.829999923706056,11.932499885559082,690800,11.982500076293944,11.899999618530272,10.168379783630373
11-05-2004,11.875,11.875,437200,12.024999618530272,11.947500228881836,10.208965301513672
12-05-2004,11.850000381469728,11.949999809265137,750000,12.0024995803833,11.9375,10.20042324066162
13-05-2004,11.8149995803833,11.824999809265137,837600,12.0,11.967499732971191,10.226057052612305
14-05-2004,11.927499771118164,11.982500076293944,496800,12.045000076293944,11.982500076293944,10.238874435424805
17-05-2004,11.75,11.9375,697200,11.9399995803833,11.7524995803833,10.042339324951172
18-05-2004,11.912500381469728,11.912500381469728,721600,12.162500381469728,12.149999618530272,10.381999969482422
19-05-2004,12.162500381469728,12.255000114440918,533600,12.297499656677246,12.170000076293944,10.399091720581056
20-05-2004,12.0,12.100000381469728,333200,12.135000228881836,12.112500190734863,10.349956512451172
21-05-2004,12.067500114440918,12.175000190734863,466000,12.175000190734863,12.15250015258789,10.384136199951172
24-05-2004,12.137499809265137,12.149999618530272,558400,12.28499984741211,12.2524995803833,10.46958351135254
25-05-2004,12.265000343322754,12.287500381469728,596400,12.4375,12.43000030517578,10.621255874633787
26-05-2004,12.43000030517578,12.5,462400,12.642499923706056,12.59000015258789,10.75797176361084
27-05-2004,12.5625,12.6875,620000,12.725000381469728,12.707500457763672,10.858376502990724
28-05-2004,12.6225004196167,12.625,353200,12.712499618530272,12.699999809265137,10.851967811584473
01-06-2004,12.529999732971191,12.5625,345600,12.600000381469728,12.579999923706056,10.749427795410156
02-06-2004,12.3774995803833,12.579999923706056,492000,12.579999923706056,12.484999656677246,10.668252944946287
03-06-2004,12.3725004196167,12.4375,820400,12.5625,12.399999618530272,10.595620155334473
04-06-2004,12.407500267028809,12.449999809265137,451600,12.5,12.407500267028809,10.602028846740724
07-06-2004,12.425000190734863,12.470000267028809,313200,12.537500381469728,12.524999618530272,10.702433586120604
08-06-2004,12.470000267028809,12.5,292400,12.582500457763672,12.582500457763672,10.751564025878906
09-06-2004,12.40250015258789,12.532500267028809,267600,12.640000343322754,12.40999984741211,10.604166030883787
10-06-2004,12.47249984741211,12.47249984741211,411600,12.675000190734863,12.614999771118164,10.779333114624023
14-06-2004,12.5024995803833,12.574999809265137,366000,12.600000381469728,12.574999809265137,10.745153427124023
15-06-2004,12.625,12.625,425600,12.797499656677246,12.75,10.894689559936523
16-06-2004,12.587499618530272,12.75,628400,12.75,12.710000038146973,10.860514640808104
17-06-2004,12.572500228881836,12.712499618530272,468000,12.84749984741211,12.78499984741211,10.924596786499023
18-06-2004,12.78499984741211,12.78499984741211,698800,12.9399995803833,12.86750030517578,10.995094299316406
21-06-2004,12.887499809265137,12.899999618530272,600400,12.9975004196167,12.890000343322754,11.01431941986084
22-06-2004,12.677499771118164,12.875,629600,12.912500381469728,12.875,11.00150203704834
23-06-2004,12.642499923706056,12.875,562400,12.875,12.720000267028809,10.869060516357422
24-06-2004,12.5625,12.720000267028809,900800,12.77750015258789,12.609999656677246,10.775062561035156
25-06-2004,12.4975004196167,12.612500190734863,535200,12.68000030517578,12.604999542236328,10.770790100097656
28-06-2004,12.5,12.547499656677246,327200,12.6225004196167,12.600000381469728,10.766514778137209
29-06-2004,12.550000190734863,12.550000190734863,657200,12.729999542236328,12.725000381469728,10.873329162597656
30-06-2004,12.6899995803833,12.699999809265137,600000,12.795000076293944,12.739999771118164,10.886143684387209
01-07-2004,12.6875,12.774999618530272,594400,12.792499542236328,12.737500190734863,10.884008407592772
02-07-2004,12.74250030517578,12.774999618530272,347600,12.84000015258789,12.787500381469728,10.926734924316406
06-07-2004,12.50749969482422,12.625,1605200,12.907500267028809,12.875,11.00150203704834
07-07-2004,12.6875,12.875,637600,12.899999618530272,12.739999771118164,10.886143684387209
08-07-2004,12.522500038146973,12.800000190734863,1260800,12.800000190734863,12.550000190734863,10.723795890808104
09-07-2004,12.322500228881836,12.5625,436800,12.600000381469728,12.3774995803833,10.576395988464355
12-07-2004,12.140000343322754,12.25,952400,12.31999969482422,12.149999618530272,10.381999969482422
13-07-2004,12.25,12.25,534800,12.420000076293944,12.36750030517578,10.567851066589355
14-07-2004,12.337499618530272,12.337499618530272,386000,12.454999923706056,12.354999542236328,10.557170867919922
15-07-2004,12.212499618530272,12.352499961853027,756800,12.395000457763672,12.282500267028809,10.495219230651855
16-07-2004,12.217499732971191,12.279999732971191,441200,12.300000190734863,12.24250030517578,10.461042404174805
19-07-2004,12.145000457763672,12.287500381469728,429200,12.3125,12.212499618530272,10.435404777526855
20-07-2004,12.102499961853027,12.199999809265137,525200,12.225000381469728,12.225000381469728,10.446087837219238
21-07-2004,12.175000190734863,12.1875,393600,12.295000076293944,12.197500228881836,10.422588348388672
22-07-2004,12.005000114440918,12.175000190734863,870000,12.177499771118164,12.0625,10.30723476409912
23-07-2004,12.022500038146973,12.0625,292000,12.112500190734863,12.095000267028809,10.335004806518556
26-07-2004,11.899999618530272,12.112500190734863,338000,12.112500190734863,11.925000190734863,10.189739227294922
27-07-2004,11.8725004196167,11.949999809265137,927200,12.029999732971191,11.925000190734863,10.189739227294922
28-07-2004,11.732500076293944,11.925000190734863,946400,11.9375,11.845000267028809,10.121379852294922
29-07-2004,11.762499809265137,11.795000076293944,748400,12.125,12.125,10.360639572143556
30-07-2004,12.154999732971191,12.154999732971191,1142000,12.3125,12.25,10.467453956604004
02-08-2004,12.199999809265137,12.220000267028809,784800,12.600000381469728,12.557499885559082,10.730202674865724
03-08-2004,12.447500228881836,12.5,718400,12.6274995803833,12.5024995803833,10.68320655822754
04-08-2004,12.414999961853027,12.475000381469728,623200,12.592499732971191,12.59000015258789,10.75797176361084
05-08-2004,12.0,12.59000015258789,1051200,12.604999542236328,12.0024995803833,10.255964279174805
06-08-2004,10.587499618530272,11.7475004196167,5402800,11.875,10.975000381469728,9.377978324890137
09-08-2004,10.949999809265137,11.037500381469728,1151200,11.05500030517578,11.029999732971191,9.42497730255127
10-08-2004,11.157500267028809,11.25,1671600,11.4399995803833,11.350000381469728,9.698410034179688
11-08-2004,11.125,11.350000381469728,1145200,11.38249969482422,11.3774995803833,9.721908569335938
12-08-2004,11.119999885559082,11.3125,1148400,11.3149995803833,11.177499771118164,9.55100917816162
13-08-2004,10.925000190734863,11.130000114440918,1130000,11.19499969482422,11.037500381469728,9.431384086608888
16-08-2004,10.949999809265137,10.949999809265137,928800,11.25,11.24250030517578,9.60655403137207
17-08-2004,11.149999618530272,11.24250030517578,671600,11.31999969482422,11.289999961853027,9.647141456604004
18-08-2004,11.22249984741211,11.237500190734863,798400,11.36750030517578,11.362500190734863,9.709091186523438
19-08-2004,11.300000190734863,11.350000381469728,682000,11.420000076293944,11.40250015258789,9.743274688720703
20-08-2004,11.447500228881836,11.449999809265137,411600,11.63249969482422,11.604999542236328,9.916304588317873
23-08-2004,11.477499961853027,11.505000114440918,882400,11.630000114440918,11.602499961853027,9.91416835784912
24-08-2004,11.297499656677246,11.375,1918400,11.672499656677246,11.662500381469728,9.965439796447754
25-08-2004,11.625,11.625,1080400,11.832500457763672,11.74250030517578,10.033794403076172
26-08-2004,11.697500228881836,11.725000381469728,603200,11.797499656677246,11.720000267028809,10.014571189880373
27-08-2004,11.850000381469728,11.952500343322754,729600,11.975000381469728,11.957500457763672,10.217511177062988
30-08-2004,11.78499984741211,11.800000190734863,799200,11.899999618530272,11.850000381469728,10.125657081604004
31-08-2004,11.75,11.75,488800,11.942500114440918,11.942500114440918,10.20469570159912
01-09-2004,11.942500114440918,11.942500114440918,403600,12.047499656677246,12.010000228881836,10.262372016906738
02-09-2004,11.949999809265137,11.949999809265137,724000,12.25,12.172499656677246,10.401225090026855
03-09-2004,12.047499656677246,12.112500190734863,604000,12.175000190734863,12.047499656677246,10.29441261291504
07-09-2004,11.9975004196167,11.9975004196167,486400,12.204999923706056,12.114999771118164,10.352094650268556
08-09-2004,12.1225004196167,12.125,406400,12.327500343322754,12.199999809265137,10.424725532531738
09-09-2004,11.954999923706056,12.162500381469728,1091600,12.199999809265137,11.984999656677246,10.241010665893556
10-09-2004,11.904999732971191,11.9350004196167,540000,12.229999542236328,12.157500267028809,10.38840675354004
13-09-2004,12.092499732971191,12.149999618530272,649600,12.3149995803833,12.262499809265137,10.478129386901855
14-09-2004,12.234999656677246,12.262499809265137,1093200,12.369999885559082,12.36750030517578,10.567851066589355
15-09-2004,12.087499618530272,12.220000267028809,620800,12.25749969482422,12.104999542236328,10.343544960021973
16-09-2004,11.949999809265137,11.99250030517578,651200,12.045000076293944,11.984999656677246,10.241010665893556
17-09-2004,11.93000030517578,11.932499885559082,814400,12.037500381469728,11.97249984741211,10.230327606201172
20-09-2004,11.859999656677246,11.880000114440918,1084400,11.949999809265137,11.897500038146973,10.166241645812988
21-09-2004,11.9399995803833,12.024999618530272,880800,12.092499732971191,12.0,10.253829002380373
22-09-2004,12.087499618530272,12.125,1518000,12.1875,12.142499923706056,10.375593185424805
23-09-2004,11.932499885559082,12.1875,768800,12.234999656677246,12.024999618530272,10.275189399719238
24-09-2004,12.005000114440918,12.012499809265137,289200,12.1274995803833,12.045000076293944,10.292279243469238
27-09-2004,11.975000381469728,12.045000076293944,630000,12.0625,11.9975004196167,10.251690864562988
28-09-2004,11.732500076293944,12.0,1819600,12.00749969482422,11.797499656677246,10.080792427062988
29-09-2004,11.792499542236328,11.800000190734863,825200,12.087499618530272,12.005000114440918,10.258101463317873
30-09-2004,11.8774995803833,11.952500343322754,579600,12.0024995803833,11.90250015258789,10.170516967773438
01-10-2004,11.897500038146973,11.90250015258789,398800,11.9975004196167,11.9375,10.20042324066162
04-10-2004,11.887499809265137,11.925000190734863,1034800,12.02750015258789,11.989999771118164,10.245281219482422
05-10-2004,11.662500381469728,11.989999771118164,1996400,11.99250030517578,11.704999923706056,10.001753807067873
06-10-2004,10.75749969482422,11.699999809265137,8605600,11.71500015258789,11.050000190734863,9.44206714630127
07-10-2004,10.837499618530272,11.112500190734863,2352400,11.112500190734863,10.962499618530272,9.367297172546388
08-10-2004,10.824999809265137,11.1225004196167,2307600,11.170000076293944,10.864999771118164,9.283987045288086
11-10-2004,10.875,10.875,1488800,10.9975004196167,10.949999809265137,9.35661506652832
12-10-2004,11.079999923706056,11.212499618530272,2862400,11.524999618530272,11.420000076293944,9.75822639465332
13-10-2004,11.307499885559082,11.600000381469728,1431600,11.612500190734863,11.38249969482422,9.726183891296388
14-10-2004,11.287500381469728,11.4375,474800,11.477499961853027,11.332500457763672,9.683457374572754
15-10-2004,11.13249969482422,11.375,1698000,11.385000228881836,11.212499618530272,9.580915451049805
18-10-2004,11.1899995803833,11.199999809265137,946000,11.36750030517578,11.25,9.612960815429688
19-10-2004,11.220000267028809,11.375,728000,11.460000038146973,11.282500267028809,9.64073371887207
20-10-2004,11.40999984741211,11.5,1081600,11.545000076293944,11.462499618530272,9.794541358947754
21-10-2004,11.457500457763672,11.520000457763672,901600,11.524999618530272,11.5,9.826586723327637
22-10-2004,11.335000038146973,11.625,1184000,11.635000228881836,11.385000228881836,9.728317260742188
25-10-2004,11.332500457763672,11.399999618530272,1263600,11.462499618530272,11.43000030517578,9.766769409179688
26-10-2004,11.537500381469728,11.5625,1405600,11.672499656677246,11.6274995803833,9.935528755187988
27-10-2004,11.619999885559082,11.762499809265137,880400,11.84749984741211,11.800000190734863,10.082928657531738
28-10-2004,11.56999969482422,11.875,1819200,11.887499809265137,11.725000381469728,10.018844604492188
29-10-2004,11.6274995803833,11.762499809265137,595600,11.77750015258789,11.75,10.040204048156738
01-11-2004,11.577500343322754,11.664999961853027,800400,11.707500457763672,11.612500190734863,9.92271327972412
02-11-2004,11.577500343322754,11.614999771118164,1383600,11.787500381469728,11.7524995803833,10.042339324951172
03-11-2004,11.8125,11.925000190734863,1240000,11.977499961853027,11.90999984741211,10.176920890808104
04-11-2004,11.6875,11.850000381469728,1736800,11.850000381469728,11.842499732971191,10.119244575500488
05-11-2004,11.852499961853027,11.86750030517578,974800,11.99250030517578,11.96500015258789,10.223923683166504
08-11-2004,11.952500343322754,12.0,1480000,12.192500114440918,11.952500343322754,10.213237762451172
09-11-2004,11.954999923706056,12.0,2810800,12.380000114440918,12.34000015258789,10.54434871673584
10-11-2004,12.34000015258789,12.34000015258789,2527600,12.86750030517578,12.512499809265137,10.691747665405272
11-11-2004,12.5,12.5,1577600,12.800000190734863,12.762499809265137,10.905373573303224
12-11-2004,12.6274995803833,12.649999618530272,688800,12.75,12.75,10.894689559936523
15-11-2004,12.699999809265137,12.699999809265137,493600,12.797499656677246,12.739999771118164,10.886143684387209
16-11-2004,12.484999656677246,12.725000381469728,1508800,12.727499961853027,12.505000114440918,10.685340881347656
17-11-2004,12.3725004196167,12.375,2194000,12.545000076293944,12.475000381469728,10.65970516204834
18-11-2004,12.420000076293944,12.454999923706056,497600,12.510000228881836,12.487500190734863,10.67038917541504
19-11-2004,12.337499618530272,12.515000343322754,732400,12.547499656677246,12.337499618530272,10.542214393615724
22-11-2004,12.074999809265137,12.074999809265137,2199600,12.295000076293944,12.21500015258789,10.437540054321287
23-11-2004,12.212499618530272,12.212499618530272,817600,12.5,12.399999618530272,10.595620155334473
24-11-2004,12.289999961853027,12.375,788800,12.449999809265137,12.432499885559082,10.623394012451172
26-11-2004,12.385000228881836,12.399999618530272,146000,12.517499923706056,12.475000381469728,10.65970516204834
29-11-2004,12.375,12.387499809265137,1068000,12.6875,12.604999542236328,10.770790100097656
30-11-2004,12.447500228881836,12.512499809265137,689200,12.600000381469728,12.515000343322754,10.693885803222656
01-12-2004,12.399999618530272,12.422499656677246,779200,12.667499542236328,12.654999732971191,10.813516616821287
02-12-2004,12.612500190734863,12.662500381469728,524000,12.772500038146973,12.654999732971191,10.813516616821287
03-12-2004,12.65999984741211,12.6875,964000,12.797499656677246,12.774999618530272,10.916054725646973
06-12-2004,12.399999618530272,12.524999618530272,965600,12.649999618530272,12.40250015258789,10.597755432128906
07-12-2004,12.192500114440918,12.40250015258789,956800,12.462499618530272,12.217499732971191,10.43967628479004
08-12-2004,12.0625,12.0625,672400,12.449999809265137,12.4350004196167,10.625527381896973
09-12-2004,12.225000381469728,12.3125,1207600,12.4399995803833,12.414999961853027,10.608438491821287
10-12-2004,12.302499771118164,12.327500343322754,554000,12.557499885559082,12.50749969482422,10.687475204467772
13-12-2004,12.462499618530272,12.462499618530272,706000,12.664999961853027,12.600000381469728,10.766514778137209
14-12-2004,12.542499542236328,12.550000190734863,534400,12.712499618530272,12.625,10.787881851196287
15-12-2004,12.619999885559082,12.6225004196167,476000,12.744999885559082,12.702500343322754,10.854103088378906
16-12-2004,12.515000343322754,12.707500457763672,326400,12.707500457763672,12.612500190734863,10.777198791503906
17-12-2004,12.612500190734863,12.612500190734863,692800,12.77750015258789,12.727499961853027,10.875463485717772
20-12-2004,12.572500228881836,12.600000381469728,298000,12.737500190734863,12.595000267028809,10.762245178222656
21-12-2004,12.47249984741211,12.5625,558800,12.600000381469728,12.59749984741211,10.764382362365724
22-12-2004,12.529999732971191,12.572500228881836,205200,12.675000190734863,12.635000228881836,10.796424865722656
23-12-2004,12.5,12.537500381469728,245600,12.637499809265137,12.547499656677246,10.72165584564209
27-12-2004,12.49250030517578,12.547499656677246,256400,12.585000038146973,12.550000190734863,10.723795890808104
28-12-2004,12.552499771118164,12.552499771118164,330400,12.7475004196167,12.739999771118164,10.886143684387209
29-12-2004,12.654999732971191,12.654999732971191,179200,12.737500190734863,12.720000267028809,10.869060516357422
30-12-2004,12.662500381469728,12.699999809265137,138000,12.772500038146973,12.725000381469728,10.873329162597656
31-12-2004,12.725000381469728,12.725000381469728,291200,12.78499984741211,12.774999618530272,10.916054725646973
03-01-2005,12.682499885559082,12.800000190734863,955600,12.9350004196167,12.702500343322754,10.854103088378906
04-01-2005,12.582500457763672,12.712499618530272,1304000,12.725000381469728,12.63249969482422,10.794286727905272
05-01-2005,12.595000267028809,12.6274995803833,776800,12.725000381469728,12.649999618530272,10.809240341186523
06-01-2005,12.647500038146973,12.712499618530272,594400,12.762499809265137,12.647500038146973,10.80710506439209
07-01-2005,12.5625,12.637499809265137,456800,12.649999618530272,12.59749984741211,10.764382362365724
10-01-2005,12.56999969482422,12.592499732971191,552800,12.8100004196167,12.699999809265137,10.851967811584473
11-01-2005,12.65999984741211,12.699999809265137,496400,12.725000381469728,12.670000076293944,10.826332092285156
12-01-2005,12.542499542236328,12.670000076293944,398000,12.697500228881836,12.542499542236328,10.71738338470459
13-01-2005,12.4350004196167,12.5024995803833,857200,12.524999618530272,12.452500343322754,10.64047908782959
14-01-2005,12.3774995803833,12.417499542236328,798400,12.4975004196167,12.489999771118164,10.672526359558104
18-01-2005,12.25,12.262499809265137,805200,12.515000343322754,12.46500015258789,10.651161193847656
19-01-2005,12.40250015258789,12.40250015258789,456000,12.489999771118164,12.467499732971191,10.653298377990724
20-01-2005,12.3725004196167,12.387499809265137,1026000,12.677499771118164,12.637499809265137,10.79856300354004
21-01-2005,12.637499809265137,12.637499809265137,1561600,12.984999656677246,12.869999885559082,10.997231483459473
24-01-2005,12.6225004196167,12.637499809265137,854400,12.774999618530272,12.707500457763672,10.858376502990724
25-01-2005,12.625,12.6875,451600,12.81999969482422,12.625,10.787881851196287
26-01-2005,12.567500114440918,12.645000457763672,315200,12.770000457763672,12.737500190734863,10.884008407592772
27-01-2005,12.63249969482422,12.725000381469728,548400,12.817500114440918,12.717499732971191,10.866921424865724
28-01-2005,12.5,12.707500457763672,468400,12.727499961853027,12.614999771118164,10.779333114624023
31-01-2005,12.609999656677246,12.612500190734863,702000,12.845000267028809,12.824999809265137,10.958780288696287
01-02-2005,12.8125,12.8125,1010000,13.119999885559082,13.06999969482422,11.168131828308104
02-02-2005,13.149999618530272,13.149999618530272,883200,13.385000228881836,13.385000228881836,11.437288284301758
03-02-2005,13.164999961853027,13.1875,881200,13.327500343322754,13.2475004196167,11.319798469543455
04-02-2005,14.092499732971191,14.125,8566400,15.262499809265137,15.104999542236328,12.907007217407228
07-02-2005,14.899999618530272,14.899999618530272,3619600,15.199999809265137,14.949999809265137,12.774559020996094
08-02-2005,14.6899995803833,14.6899995803833,2616800,15.0625,14.982500076293944,12.802329063415527
09-02-2005,14.770000457763672,14.862500190734863,1042800,14.987500190734863,14.770000457763672,12.62075138092041
10-02-2005,14.677499771118164,14.692500114440918,1559200,15.0600004196167,15.020000457763672,12.83437442779541
11-02-2005,14.925000190734863,14.925000190734863,619600,15.172499656677246,15.125,12.92409324645996
14-02-2005,14.975000381469728,15.0,712000,15.072500228881836,15.029999732971191,12.842918395996094
15-02-2005,14.932499885559082,14.962499618530272,654800,15.182499885559082,15.047499656677246,12.857872009277344
16-02-2005,14.94499969482422,15.005000114440918,1190400,15.100000381469728,14.994999885559082,12.813011169433594
17-02-2005,14.88249969482422,14.932499885559082,577600,15.024999618530272,14.957500457763672,12.780969619750977
18-02-2005,14.895000457763672,14.925000190734863,716800,15.05500030517578,14.912500381469728,12.74251651763916
22-02-2005,14.760000228881836,14.979999542236328,641600,15.100000381469728,14.774999618530272,12.625025749206545
23-02-2005,14.737500190734863,14.75,568400,14.904999732971191,14.760000228881836,12.612208366394045
24-02-2005,14.670000076293944,14.75,485200,14.767499923706056,14.755000114440918,12.607932090759276
25-02-2005,14.649999618530272,14.649999618530272,731600,14.824999809265137,14.795000076293944,12.642114639282228
28-02-2005,14.717499732971191,14.737500190734863,894800,14.807499885559082,14.737500190734863,12.592977523803713
01-03-2005,14.729999542236328,14.737500190734863,2048800,14.8125,14.734999656677246,12.590846061706545
02-03-2005,14.699999809265137,14.787500381469728,701600,14.925000190734863,14.7524995803833,12.605793952941896
03-03-2005,14.704999923706056,14.875,866800,15.135000228881836,14.729999542236328,12.58657169342041
04-03-2005,14.704999923706056,14.75,798800,14.829999923706056,14.74250030517578,12.597253799438477
07-03-2005,14.3774995803833,14.5,1290800,14.662500381469728,14.600000381469728,12.47549057006836
08-03-2005,14.342499732971191,14.574999809265137,926000,14.574999809265137,14.399999618530272,12.304590225219728
09-03-2005,14.024999618530272,14.369999885559082,1721600,14.369999885559082,14.100000381469728,12.048248291015623
10-03-2005,13.77750015258789,14.125,1739200,14.1875,13.8774995803833,11.858121871948242
11-03-2005,13.922499656677246,13.975000381469728,1536000,14.072500228881836,14.0,11.962796211242676
14-03-2005,13.970000267028809,13.9975004196167,1353200,14.3125,14.212499618530272,12.144378662109377
15-03-2005,14.25,14.3125,843200,14.350000381469728,14.307499885559082,12.22555160522461
16-03-2005,14.237500190734863,14.274999618530272,747600,14.357500076293944,14.274999618530272,12.197782516479492
17-03-2005,14.177499771118164,14.337499618530272,454000,14.350000381469728,14.19499969482422,12.12941837310791
18-03-2005,14.199999809265137,14.199999809265137,582800,14.31999969482422,14.3125,12.229825019836426
21-03-2005,14.06999969482422,14.3125,281200,14.3149995803833,14.145000457763672,12.08669662475586
22-03-2005,14.107500076293944,14.149999618530272,464000,14.265000343322754,14.137499809265137,12.080291748046877
23-03-2005,13.8774995803833,13.9375,448000,14.042499542236328,13.907500267028809,11.883761405944824
24-03-2005,13.957500457763672,13.957500457763672,655200,14.302499771118164,14.24250030517578,12.170013427734377
28-03-2005,14.237500190734863,14.237500190734863,542000,14.442500114440918,14.282500267028809,12.20418930053711
29-03-2005,14.154999732971191,14.265000343322754,468800,14.404999732971191,14.175000190734863,12.112333297729492
30-03-2005,13.952500343322754,14.0,544000,14.114999771118164,14.102499961853027,12.050379753112791
31-03-2005,14.00749969482422,14.0625,588800,14.199999809265137,14.100000381469728,12.048248291015623
01-04-2005,14.042499542236328,14.149999618530272,334400,14.25,14.074999809265137,12.026887893676758
04-04-2005,13.957500457763672,14.0,452800,14.217499732971191,14.15999984741211,12.099515914916992
05-04-2005,14.229999542236328,14.375,425600,14.399999618530272,14.357500076293944,12.268277168273926
06-04-2005,14.357500076293944,14.357500076293944,535600,14.522500038146973,14.475000381469728,12.368678092956545
07-04-2005,14.475000381469728,14.475000381469728,2080000,15.300000190734863,15.207500457763672,12.994590759277344
08-04-2005,14.81999969482422,15.024999618530272,1284000,15.112500190734863,15.092499732971191,12.896324157714844
11-04-2005,14.912500381469728,14.912500381469728,821200,15.302499771118164,15.217499732971191,13.003133773803713
12-04-2005,15.149999618530272,15.217499732971191,832400,15.34749984741211,15.300000190734863,13.073627471923828
13-04-2005,15.25,15.3100004196167,891600,15.40999984741211,15.350000381469728,13.116351127624512
14-04-2005,15.1274995803833,15.274999618530272,898000,15.297499656677246,15.220000267028809,13.00527000427246
15-04-2005,14.93000030517578,15.050000190734863,786800,15.13249969482422,15.010000228881836,12.82582950592041
18-04-2005,14.75749969482422,14.787500381469728,1057600,14.977499961853027,14.94499969482422,12.770288467407228
19-04-2005,14.88249969482422,14.899999618530272,1183200,15.22249984741211,15.18000030517578,12.97109317779541
20-04-2005,15.149999618530272,15.18000030517578,879200,15.449999809265137,15.292499542236328,13.067221641540527
21-04-2005,15.19499969482422,15.292499542236328,1227600,15.417499542236328,15.3774995803833,13.139852523803713
22-04-2005,15.175000190734863,15.1875,544400,15.40250015258789,15.322500228881836,13.092852592468262
25-04-2005,15.199999809265137,15.199999809265137,862800,15.600000381469728,15.542499542236328,13.280843734741213
26-04-2005,15.25,15.387499809265137,586400,15.515000343322754,15.46500015258789,13.214619636535645
27-04-2005,15.3125,15.3125,486000,15.63249969482422,15.550000190734863,13.28725242614746
28-04-2005,15.387499809265137,15.387499809265137,418800,15.579999923706056,15.552499771118164,13.289386749267578
29-04-2005,15.282500267028809,15.550000190734863,623200,15.550000190734863,15.524999618530272,13.265886306762695
02-05-2005,15.539999961853027,15.574999809265137,870000,15.744999885559082,15.600000381469728,13.329973220825195
03-05-2005,15.332500457763672,15.470000267028809,1219200,15.537500381469728,15.489999771118164,13.235981941223145
04-05-2005,15.412500381469728,15.515000343322754,918800,15.7524995803833,15.71500015258789,13.428239822387695
05-05-2005,15.607500076293944,15.71500015258789,1342000,15.895000457763672,15.75,13.458147048950195
06-05-2005,15.09000015258789,15.4375,3007600,15.899999618530272,15.762499809265137,13.468828201293944
09-05-2005,15.824999809265137,15.824999809265137,867200,16.147499084472656,15.895000457763672,13.582051277160645
10-05-2005,15.545000076293944,15.662500381469728,752800,15.75,15.729999542236328,13.441059112548828
11-05-2005,15.595000267028809,15.725000381469728,1872800,15.8100004196167,15.8100004196167,13.509416580200195
12-05-2005,15.647500038146973,15.800000190734863,1180800,15.802499771118164,15.727499961853027,13.438921928405762
13-05-2005,15.462499618530272,15.667499542236328,545200,15.667499542236328,15.517499923706056,13.259479522705078
16-05-2005,15.357500076293944,15.399999618530272,839200,15.59000015258789,15.59000015258789,13.321429252624512
17-05-2005,15.4375,15.59000015258789,530400,15.59000015258789,15.50749969482422,13.250935554504396
18-05-2005,15.572500228881836,15.574999809265137,827200,15.854999542236328,15.829999923706056,13.526506423950195
19-05-2005,15.8774995803833,15.887499809265137,805600,16.079999923706055,16.02750015258789,13.695266723632812
20-05-2005,15.854999542236328,16.100000381469727,740000,16.125,15.932499885559082,13.614090919494627
23-05-2005,15.854999542236328,15.895000457763672,786800,16.110000610351562,16.084999084472656,13.744402885437012
24-05-2005,16.030000686645508,16.065000534057617,646400,16.237499237060547,16.079999923706055,13.740127563476562
25-05-2005,15.789999961853027,16.079999923706055,442400,16.079999923706055,15.8725004196167,13.562824249267578
26-05-2005,15.787500381469728,15.897500038146973,356800,15.897500038146973,15.862500190734863,13.554277420043944
27-05-2005,15.760000228881836,15.800000190734863,390400,15.850000381469728,15.774999618530272,13.479507446289062
31-05-2005,15.61750030517578,15.675000190734863,776400,15.737500190734863,15.61750030517578,13.344928741455078
01-06-2005,15.607500076293944,15.61750030517578,756000,15.702500343322754,15.6899995803833,13.406878471374512
02-06-2005,15.5625,15.600000381469728,503200,15.699999809265137,15.6274995803833,13.353473663330078
03-06-2005,15.585000038146973,15.59000015258789,861600,15.729999542236328,15.649999618530272,13.372698783874512
06-06-2005,15.5024995803833,15.550000190734863,692000,15.817500114440918,15.779999732971191,13.483782768249512
07-06-2005,15.837499618530272,15.837499618530272,919200,16.372499465942383,16.092500686645508,13.750811576843262
08-06-2005,16.0,16.25,637600,16.25,16.017499923706055,13.686724662780762
09-06-2005,15.850000381469728,15.994999885559082,548400,16.0,15.922499656677246,13.605546951293944
10-06-2005,15.880000114440918,15.922499656677246,350400,16.0,15.90999984741211,13.594866752624512
13-06-2005,15.375,15.774999618530272,1700400,15.787500381469728,15.475000381469728,13.223164558410645
14-06-2005,15.225000381469728,15.462499618530272,1412000,15.512499809265137,15.270000457763672,13.047992706298828
15-06-2005,15.109999656677246,15.417499542236328,1967600,15.5625,15.1875,12.977499961853027
16-06-2005,15.1875,15.1875,1620800,15.414999961853027,15.350000381469728,13.116351127624512
17-06-2005,15.1875,15.470000267028809,1183600,15.482500076293944,15.2475004196167,13.028769493103027
20-06-2005,15.0,15.149999618530272,574000,15.260000228881836,15.005000114440918,12.82155418395996
21-06-2005,14.864999771118164,15.00749969482422,1013600,15.207500457763672,15.1899995803833,12.979634284973145
22-06-2005,15.210000038146973,15.220000267028809,1612000,15.399999618530272,15.395000457763672,13.154804229736328
23-06-2005,15.395000457763672,15.395000457763672,1135600,15.61750030517578,15.5,13.24452781677246
24-06-2005,15.40999984741211,15.510000228881836,594000,15.557499885559082,15.425000190734863,13.18044090270996
27-06-2005,15.274999618530272,15.375,1119200,15.385000228881836,15.352499961853027,13.118489265441896
28-06-2005,15.5,15.5,2302800,16.209999084472656,16.045000076293945,13.710220336914062
29-06-2005,16.137500762939453,16.162500381469727,2834000,16.772499084472656,16.56999969482422,14.15882682800293
30-06-2005,16.372499465942383,16.4325008392334,1572800,16.712499618530273,16.497499465942383,14.09687614440918
01-07-2005,16.262500762939453,16.4375,1105600,16.552499771118164,16.489999771118164,14.090466499328612
05-07-2005,16.325000762939453,16.325000762939453,1092000,16.655000686645508,16.614999771118164,14.197279930114746
06-07-2005,16.309999465942383,16.592500686645508,1500000,16.592500686645508,16.479999542236328,14.081920623779297
07-07-2005,16.094999313354492,16.232500076293945,2040800,16.625,16.5575008392334,14.14814567565918
08-07-2005,16.545000076293945,16.5575008392334,931200,17.0674991607666,16.9950008392334,14.52198314666748
11-07-2005,16.672500610351562,16.850000381469727,967600,16.9950008392334,16.915000915527344,14.453627586364746
12-07-2005,16.697500228881836,16.762500762939453,729200,16.90999984741211,16.860000610351562,14.406630516052246
13-07-2005,16.469999313354492,16.75,811200,16.75749969482422,16.625,14.20582389831543
14-07-2005,16.424999237060547,16.637500762939453,424000,16.649999618530273,16.59749984741211,14.182324409484863
15-07-2005,16.094999313354492,16.280000686645508,873600,16.520000457763672,16.5,14.099010467529297
18-07-2005,16.247499465942383,16.4375,448000,16.4375,16.267499923706055,13.900343894958496
19-07-2005,16.235000610351562,16.3125,441600,16.392499923706055,16.38249969482422,13.998610496520996
20-07-2005,16.475000381469727,16.5,670800,16.622499465942383,16.584999084472656,14.171645164489746
21-07-2005,16.372499465942383,16.6200008392334,576800,16.672500610351562,16.450000762939453,14.05628490447998
22-07-2005,16.315000534057617,16.524999618530273,368400,16.662500381469727,16.5,14.099010467529297
25-07-2005,16.104999542236328,16.287500381469727,448000,16.434999465942383,16.334999084472656,13.958022117614746
26-07-2005,16.225000381469727,16.274999618530273,392000,16.5625,16.497499465942383,14.09687614440918
27-07-2005,16.344999313354492,16.434999465942383,602000,16.537500381469727,16.450000762939453,14.05628490447998
28-07-2005,16.454999923706055,16.454999923706055,729200,16.799999237060547,16.6875,14.259228706359863
29-07-2005,16.600000381469727,16.612499237060547,559600,16.857500076293945,16.75,14.312630653381348
01-08-2005,16.522499084472656,16.65999984741211,502000,16.792499542236328,16.787500381469727,14.34467601776123
02-08-2005,16.637500762939453,16.774999618530273,350400,16.795000076293945,16.792499542236328,14.348947525024414
03-08-2005,16.549999237060547,16.762500762939453,454000,16.875,16.799999237060547,14.355358123779297
04-08-2005,16.385000228881836,16.799999237060547,1602400,16.802499771118164,16.4950008392334,14.094741821289062
05-08-2005,15.920000076293944,16.350000381469727,1042800,16.362499237060547,16.149999618530273,13.799943923950195
08-08-2005,15.762499809265137,15.762499809265137,1686800,16.137500762939453,16.102500915527344,13.759355545043944
09-08-2005,15.852499961853027,16.087499618530273,777600,16.232500076293945,16.15999984741211,13.80848789215088
10-08-2005,16.392499923706055,16.5625,750800,16.707500457763672,16.46500015258789,14.069103240966797
11-08-2005,16.530000686645508,16.600000381469727,664000,16.635000228881836,16.5674991607666,14.15668773651123
12-08-2005,16.450000762939453,16.5049991607666,596000,16.587499618530273,16.52750015258789,14.12250804901123
15-08-2005,16.282499313354492,16.4375,573200,16.607500076293945,16.572500228881836,14.16096305847168
16-08-2005,16.517499923706055,16.600000381469727,458400,16.700000762939453,16.655000686645508,14.231457710266112
17-08-2005,16.592500686645508,16.59749984741211,462000,16.84000015258789,16.7450008392334,14.308361053466797
18-08-2005,16.649999618530273,16.712499618530273,1224800,17.172500610351562,17.012500762939453,14.53693389892578
19-08-2005,16.815000534057617,17.024999618530273,410800,17.040000915527344,16.9424991607666,14.477121353149414
22-08-2005,16.8799991607666,16.8799991607666,783200,17.174999237060547,17.094999313354492,14.60743236541748
23-08-2005,17.875,17.875,7828400,18.912500381469727,18.84000015258789,16.098506927490234
24-08-2005,18.44750022888184,18.625,3056000,18.854999542236328,18.69499969482422,15.974608421325684
25-08-2005,18.200000762939453,18.462499618530277,1134000,18.542499542236328,18.34499931335449,15.675540924072266
26-08-2005,18.11750030517578,18.212499618530277,782400,18.25,18.125,15.487554550170898
29-08-2005,17.712499618530273,17.837499618530273,1672000,17.997499465942383,17.872499465942383,15.2717924118042
30-08-2005,17.72249984741211,17.822500228881836,1002800,17.950000762939453,17.895000457763672,15.291023254394531
31-08-2005,17.68000030517578,17.862499237060547,966800,18.084999084472656,18.084999084472656,15.453371047973633
01-09-2005,17.962499618530273,17.997499465942383,1018000,18.162500381469727,18.049999237060547,15.423468589782717
02-09-2005,17.897499084472656,18.049999237060547,400000,18.0575008392334,17.952499389648438,15.3401517868042
06-09-2005,17.8799991607666,17.912500381469727,598400,18.375,18.337499618530277,15.669127464294434
07-09-2005,18.162500381469727,18.174999237060547,856400,18.45249938964844,18.362499237060547,15.690497398376465
08-09-2005,18.225000381469727,18.225000381469727,1008400,18.38500022888184,18.38500022888184,15.709720611572266
09-09-2005,18.325000762939453,18.350000381469727,743600,18.54750061035156,18.542499542236328,15.8443021774292
12-09-2005,18.427499771118164,18.479999542236328,477200,18.584999084472656,18.50749969482422,15.814393997192385
13-09-2005,18.28499984741211,18.350000381469727,726000,18.52750015258789,18.5049991607666,15.812254905700684
14-09-2005,18.40749931335449,18.5625,860400,18.59749984741211,18.434999465942383,15.752442359924316
15-09-2005,18.262500762939453,18.375,475200,18.420000076293945,18.315000534057617,15.649906158447266
16-09-2005,18.28499984741211,18.36000061035156,698400,18.604999542236328,18.604999542236328,15.897705078125
19-09-2005,18.11750030517578,18.11750030517578,466800,18.565000534057617,18.502500534057617,15.81012725830078
20-09-2005,18.477500915527344,18.5049991607666,763600,18.61000061035156,18.5625,15.861384391784668
21-09-2005,18.489999771118164,18.549999237060547,1370000,18.717500686645508,18.57999992370605,15.876337051391602
22-09-2005,18.46500015258789,18.575000762939453,673600,18.607500076293945,18.587499618530277,15.882744789123535
23-09-2005,18.467500686645508,18.587499618530277,659600,18.752500534057617,18.662500381469727,15.946839332580566
26-09-2005,18.5625,18.625,1036400,19.01749992370605,18.97249984741211,16.21172523498535
27-09-2005,19.00749969482422,19.00749969482422,2352400,19.854999542236328,19.690000534057617,16.82482147216797
28-09-2005,19.57250022888184,19.627500534057617,1077600,19.82250022888184,19.674999237060547,16.812000274658203
29-09-2005,19.662500381469727,19.677499771118164,1017600,20.0625,20.012500762939453,17.10038948059082
30-09-2005,19.78499984741211,20.0,991600,20.337499618530277,19.912500381469727,17.01494789123535
03-10-2005,19.475000381469727,19.7549991607666,1635600,20.274999618530277,20.145000457763672,17.213613510131836
04-10-2005,19.690000534057617,19.934999465942383,1283800,20.350000381469727,20.075000762939453,17.153797149658203
05-10-2005,19.65999984741211,19.75,950800,19.959999084472656,19.725000381469727,16.8547306060791
06-10-2005,19.3700008392334,19.5,4200600,19.825000762939453,19.520000457763672,16.679561614990234
07-10-2005,18.979999542236328,19.5,1051200,19.5,19.375,16.5556583404541
10-10-2005,18.899999618530277,19.13500022888184,886600,19.30500030517578,19.15999984741211,16.371946334838867
11-10-2005,18.684999465942383,18.950000762939453,1418800,18.950000762939453,18.73500061035156,16.0087890625
12-10-2005,18.165000915527344,18.625,1074600,18.73500061035156,18.5049991607666,15.812254905700684
13-10-2005,17.875,18.125,1330000,18.71500015258789,18.51000022888184,15.8165283203125
14-10-2005,18.350000381469727,18.73500061035156,577800,18.854999542236328,18.825000762939453,16.085689544677734
17-10-2005,18.540000915527344,18.75,1083200,18.96999931335449,18.834999084472656,16.094234466552734
18-10-2005,18.69499969482422,18.875,1154600,19.274999618530277,19.104999542236328,16.324947357177734
19-10-2005,18.63999938964844,18.924999237060547,1044800,19.084999084472656,19.01499938964844,16.248043060302734
20-10-2005,18.61000061035156,18.959999084472656,866800,18.96500015258789,18.774999618530277,16.04296875
21-10-2005,18.55500030517578,18.700000762939453,953000,19.239999771118164,19.0,16.2352237701416
24-10-2005,18.84499931335449,18.90999984741211,851200,19.3700008392334,19.3700008392334,16.551382064819336
25-10-2005,19.280000686645508,19.524999618530277,1140400,19.69499969482422,19.46500015258789,16.632556915283203
26-10-2005,19.524999618530277,19.600000381469727,1047600,20.149999618530277,19.78499984741211,16.905996322631836
27-10-2005,18.93000030517578,19.725000381469727,753000,19.809999465942383,19.0,16.2352237701416
28-10-2005,18.625,18.75,1036800,19.11000061035156,19.0,16.2352237701416
31-10-2005,18.75,18.75,1452600,19.34499931335449,19.065000534057617,16.290767669677734
01-11-2005,18.68000030517578,19.065000534057617,1686000,19.184999465942383,18.815000534057617,16.07714080810547
02-11-2005,18.5,18.65999984741211,1441800,19.030000686645508,18.799999237060547,16.064327239990234
03-11-2005,19.375,19.625,2345200,20.049999237060547,19.63999938964844,16.782094955444336
04-11-2005,19.229999542236328,19.645000457763672,1186000,19.700000762939453,19.3799991607666,16.559925079345703
07-11-2005,19.274999618530277,19.399999618530277,832800,19.729999542236328,19.280000686645508,16.474477767944336
08-11-2005,19.13500022888184,19.43000030517578,880800,19.46999931335449,19.299999237060547,16.4915714263916
09-11-2005,19.25,19.25,1041800,19.799999237060547,19.649999618530277,16.7906436920166
10-11-2005,19.834999084472656,19.975000381469727,1376200,20.434999465942383,20.295000076293945,17.341787338256836
11-11-2005,20.32999992370605,20.375,801800,20.75,20.424999237060547,17.452871322631836
14-11-2005,20.350000381469727,20.459999084472656,806600,20.739999771118164,20.375,17.410140991210938
15-11-2005,20.165000915527344,20.5,1227800,20.725000381469727,20.34499931335449,17.384511947631836
16-11-2005,20.05500030517578,20.350000381469727,811200,20.44499969482422,20.25,17.303335189819336
17-11-2005,20.43000030517578,20.450000762939453,2151800,21.049999237060547,20.959999084472656,17.910018920898438
18-11-2005,21.05500030517578,21.165000915527344,690800,21.399999618530277,21.34000015258789,18.23472785949707
21-11-2005,21.20499992370605,21.350000381469727,792400,21.405000686645508,21.36000061035156,18.251808166503903
22-11-2005,20.649999618530277,21.23500061035156,904200,21.274999618530277,20.75,17.730573654174805
23-11-2005,20.51000022888184,20.725000381469727,663800,20.90999984741211,20.690000534057617,17.679304122924805
25-11-2005,20.95499992370605,20.975000381469727,239600,21.19499969482422,21.0,17.94419288635254
28-11-2005,20.334999084472656,21.075000762939453,887200,21.239999771118164,20.405000686645508,17.435779571533203
29-11-2005,20.405000686645508,20.405000686645508,768400,20.825000762939453,20.424999237060547,17.452871322631836
30-11-2005,20.26499938964844,20.625,909600,21.0049991607666,20.399999618530277,17.431509017944336
01-12-2005,20.05500030517578,20.26000022888184,951400,20.364999771118164,20.31999969482422,17.363149642944336
02-12-2005,20.0,20.0,944400,20.4950008392334,20.46999931335449,17.491317749023438
05-12-2005,20.399999618530277,20.475000381469727,671400,20.725000381469727,20.690000534057617,17.679304122924805
06-12-2005,20.709999084472656,20.774999618530277,538400,20.975000381469727,20.815000534057617,17.786117553710938
07-12-2005,20.049999237060547,20.774999618530277,781800,20.774999618530277,20.280000686645508,17.328968048095703
08-12-2005,19.68000030517578,20.170000076293945,1283200,20.170000076293945,20.049999237060547,17.132442474365234
09-12-2005,19.88500022888184,20.040000915527344,410600,20.20499992370605,20.104999542236328,17.17943572998047
12-12-2005,20.200000762939453,20.299999237060547,524800,20.53499984741211,20.424999237060547,17.452871322631836
13-12-2005,20.38999938964844,20.5,564000,20.645000457763672,20.63999938964844,17.63658332824707
14-12-2005,20.549999237060547,20.604999542236328,535400,20.7450008392334,20.63999938964844,17.63658332824707
15-12-2005,20.46999931335449,20.700000762939453,457400,20.850000381469727,20.5049991607666,17.521224975585938
16-12-2005,20.30500030517578,20.674999237060547,718800,20.774999618530277,20.315000534057617,17.358877182006836
19-12-2005,19.020000457763672,20.225000381469727,1718200,20.239999771118164,19.56999969482422,16.7222843170166
20-12-2005,18.80500030517578,19.725000381469727,2226600,19.725000381469727,19.049999237060547,16.2779483795166
21-12-2005,18.93000030517578,19.11000061035156,1138800,19.489999771118164,19.350000381469727,16.53429412841797
22-12-2005,19.520000457763672,19.524999618530277,1002400,19.739999771118164,19.690000534057617,16.82482147216797
23-12-2005,19.51499938964844,19.51499938964844,618400,19.950000762939453,19.799999237060547,16.918811798095703
27-12-2005,19.34000015258789,19.549999237060547,776400,19.8700008392334,19.475000381469727,16.64110565185547
28-12-2005,19.32999992370605,19.420000076293945,559600,19.670000076293945,19.5,16.662466049194336
29-12-2005,19.280000686645508,19.434999465942383,802600,19.575000762939453,19.34499931335449,16.5300235748291
30-12-2005,19.01000022888184,19.149999618530277,601400,19.25,19.155000686645508,16.367664337158203
03-01-2006,18.649999618530277,19.399999618530277,1692000,19.489999771118164,19.11000061035156,16.329219818115234
04-01-2006,18.950000762939453,19.225000381469727,1255800,19.405000686645508,19.225000381469727,16.4274845123291
05-01-2006,19.030000686645508,19.225000381469727,454200,19.2549991607666,19.07999992370605,16.30358123779297
06-01-2006,18.399999618530277,19.07999992370605,2265800,19.1299991607666,18.43000030517578,15.748164176940918
09-01-2006,18.475000381469727,18.475000381469727,1259000,19.024999618530277,18.88500022888184,16.136962890625
10-01-2006,19.100000381469727,19.100000381469727,1202800,19.565000534057617,19.399999618530277,16.577014923095703
11-01-2006,19.114999771118164,19.875,1274600,20.104999542236328,19.5049991607666,16.6667423248291
12-01-2006,19.145000457763672,19.53499984741211,1032800,19.600000381469727,19.2450008392334,16.44457244873047
13-01-2006,18.979999542236328,19.295000076293945,830200,19.36000061035156,19.09000015258789,16.312131881713867
17-01-2006,19.024999618530277,19.024999618530277,556600,19.290000915527344,19.149999618530277,16.363399505615234
18-01-2006,18.854999542236328,18.905000686645508,1060200,19.149999618530277,19.0,16.2352237701416
19-01-2006,18.78499984741211,19.0,897800,19.0,18.94499969482422,16.188228607177734
20-01-2006,18.63500022888184,18.799999237060547,1024400,18.875,18.825000762939453,16.085689544677734
23-01-2006,18.540000915527344,18.674999237060547,1322000,18.780000686645508,18.75,16.021608352661133
24-01-2006,18.450000762939453,18.700000762939453,818600,18.725000381469727,18.725000381469727,16.000242233276367
25-01-2006,18.975000381469727,19.13999938964844,1480000,19.40999984741211,19.34000015258789,16.5257511138916
26-01-2006,19.34000015258789,19.36000061035156,1635800,19.674999237060547,19.6299991607666,16.773550033569336
27-01-2006,19.575000762939453,19.575000762939453,663200,19.88999938964844,19.76000022888184,16.8846378326416
30-01-2006,19.6299991607666,19.76000022888184,685400,19.989999771118164,19.71999931335449,16.85045623779297
31-01-2006,19.479999542236328,19.674999237060547,657800,19.854999542236328,19.71999931335449,16.85045623779297
01-02-2006,19.25,19.649999618530277,791400,19.70499992370605,19.399999618530277,16.577014923095703
02-02-2006,19.01499938964844,19.309999465942383,939000,19.45499992370605,19.25,16.4488468170166
03-02-2006,18.920000076293945,19.23500061035156,663600,19.354999542236328,19.21500015258789,16.4189453125
06-02-2006,18.739999771118164,19.209999084472656,931000,19.299999237060547,19.024999618530277,16.256589889526367
07-02-2006,19.600000381469727,19.625,2943600,20.75,20.75,17.730573654174805
08-02-2006,19.325000762939453,21.5,3462400,21.71500015258789,20.20499992370605,17.264881134033203
09-02-2006,20.375,20.5,1800200,20.950000762939453,20.70499992370605,17.692123413085938
10-02-2006,20.46500015258789,20.68000030517578,921000,20.94499969482422,20.725000381469727,17.70922088623047
13-02-2006,20.55500030517578,20.649999618530277,628200,20.989999771118164,20.6299991607666,17.628036499023438
14-02-2006,20.815000534057617,20.924999237060547,852400,21.145000457763672,21.01000022888184,17.95273780822754
15-02-2006,21.045000076293945,21.19499969482422,627800,21.375,21.30500030517578,18.204816818237305
16-02-2006,20.975000381469727,21.399999618530277,695200,21.4950008392334,21.21500015258789,18.127906799316406
17-02-2006,20.88500022888184,21.239999771118164,580000,21.239999771118164,20.934999465942383,17.88865852355957
21-02-2006,20.520000457763672,20.975000381469727,822400,21.0049991607666,20.70499992370605,17.692123413085938
22-02-2006,20.13500022888184,20.45499992370605,1134800,20.559999465942383,20.354999542236328,17.393054962158203
23-02-2006,20.01499938964844,20.2549991607666,689800,20.309999465942383,20.149999618530277,17.217880249023438
24-02-2006,20.040000915527344,20.225000381469727,892400,20.34000015258789,20.280000686645508,17.328968048095703
27-02-2006,20.125,20.125,549600,20.674999237060547,20.434999465942383,17.461410522460938
28-02-2006,20.20499992370605,20.56999969482422,588400,20.63999938964844,20.295000076293945,17.341787338256836
01-03-2006,20.024999618530277,20.21999931335449,690000,20.21999931335449,20.170000076293945,17.23497200012207
02-03-2006,20.19499969482422,20.19499969482422,572000,20.545000076293945,20.26000022888184,17.311880111694336
03-03-2006,19.975000381469727,20.155000686645508,560400,20.32999992370605,19.9950008392334,17.085437774658203
06-03-2006,19.700000762939453,19.979999542236328,502000,20.09000015258789,19.780000686645508,16.901718139648438
07-03-2006,19.315000534057617,19.76499938964844,561200,19.76499938964844,19.520000457763672,16.679561614990234
08-03-2006,19.424999237060547,19.53499984741211,786200,20.075000762939453,20.075000762939453,17.153797149658203
09-03-2006,19.76499938964844,20.0,520600,20.13999938964844,19.905000686645508,17.008541107177734
10-03-2006,19.950000762939453,19.96999931335449,573000,20.584999084472656,20.239999771118164,17.294788360595703
13-03-2006,20.024999618530277,20.18000030517578,632800,20.295000076293945,20.024999618530277,17.111074447631836
14-03-2006,19.7549991607666,20.024999618530277,750400,20.104999542236328,19.774999618530277,16.897445678710938
15-03-2006,19.76499938964844,19.88999938964844,1570400,20.09499931335449,19.940000534057617,17.038440704345703
16-03-2006,20.075000762939453,20.104999542236328,759000,20.48500061035156,20.295000076293945,17.341787338256836
17-03-2006,20.0049991607666,20.350000381469727,499800,20.350000381469727,20.125,17.196514129638672
20-03-2006,20.20499992370605,20.299999237060547,1446200,20.920000076293945,20.7549991607666,17.734846115112305
21-03-2006,20.725000381469727,20.780000686645508,2736400,22.38500022888184,21.809999465942383,18.636327743530277
22-03-2006,21.25,21.809999465942383,1689200,22.28499984741211,22.1299991607666,18.90976905822754
23-03-2006,21.649999618530277,22.0,1219000,22.2450008392334,22.155000686645508,18.93112564086914
24-03-2006,21.655000686645508,21.875,1068400,22.209999084472656,21.774999618530277,18.606422424316406
27-03-2006,21.450000762939453,21.540000915527344,534800,21.71500015258789,21.655000686645508,18.503887176513672
28-03-2006,21.559999465942383,21.625,898200,22.174999237060547,21.940000534057617,18.747407913208008
29-03-2006,21.665000915527344,21.934999465942383,539400,22.0,21.825000762939453,18.64914894104004
30-03-2006,21.645000457763672,21.700000762939453,993600,21.915000915527344,21.739999771118164,18.57651710510254
31-03-2006,21.645000457763672,21.739999771118164,765600,22.100000381469727,21.989999771118164,18.790136337280277
03-04-2006,21.5049991607666,21.94499969482422,688600,21.95499992370605,21.575000762939453,18.435523986816406
04-04-2006,21.149999618530277,21.5,761200,22.040000915527344,22.0049991607666,18.80295753479004
05-04-2006,21.989999771118164,22.170000076293945,1265000,22.459999084472656,22.170000076293945,18.94395065307617
06-04-2006,21.375,21.989999771118164,771600,22.0,21.59000015258789,18.44834518432617
07-04-2006,21.26000022888184,21.450000762939453,421200,21.88999938964844,21.479999542236328,18.354345321655277
10-04-2006,21.149999618530277,21.5,621400,21.63500022888184,21.415000915527344,18.29880714416504
11-04-2006,20.899999618530277,21.440000534057617,549400,21.489999771118164,21.07999992370605,18.012554168701172
12-04-2006,20.96999931335449,21.07999992370605,609800,21.354999542236328,21.020000457763672,17.961286544799805
13-04-2006,20.774999618530277,21.05500030517578,550000,21.05500030517578,20.905000686645508,17.86302375793457
17-04-2006,20.65999984741211,20.940000534057617,321800,21.084999084472656,20.8799991607666,17.841659545898438
18-04-2006,21.084999084472656,21.100000381469727,737600,21.545000076293945,21.530000686645508,18.39707374572754
19-04-2006,21.70499992370605,21.989999771118164,851600,22.18000030517578,21.770000457763672,18.60215187072754
20-04-2006,21.44499969482422,22.0049991607666,610400,22.174999237060547,21.5,18.371442794799805
21-04-2006,21.350000381469727,21.61000061035156,486000,21.7450008392334,21.524999618530277,18.392797470092773
24-04-2006,21.19499969482422,21.524999618530277,627600,21.88999938964844,21.770000457763672,18.60215187072754
25-04-2006,21.25,22.0,725400,22.0,21.475000381469727,18.350080490112305
26-04-2006,21.69499969482422,21.905000686645508,705400,22.125,21.850000381469727,18.670503616333008
27-04-2006,21.799999237060547,21.850000381469727,699400,22.0,21.920000076293945,18.73033332824707
28-04-2006,21.53499984741211,21.950000762939453,1073200,22.364999771118164,21.575000762939453,18.435523986816406
01-05-2006,21.21999931335449,22.165000915527344,945600,22.165000915527344,21.540000915527344,18.40561866760254
02-05-2006,21.18000030517578,21.489999771118164,780200,21.774999618530277,21.600000381469727,18.45689582824707
03-05-2006,21.76000022888184,21.8799991607666,1029600,22.100000381469727,21.81999969482422,18.644880294799805
04-05-2006,21.625,21.770000457763672,701200,21.90999984741211,21.700000762939453,18.54232788085937
05-05-2006,22.75,22.780000686645508,3334400,24.290000915527344,24.18000030517578,20.66146278381348
08-05-2006,23.674999237060547,23.875,1787200,24.0,23.834999084472656,20.36666488647461
09-05-2006,23.825000762939453,23.950000762939453,1088800,24.36000061035156,24.25,20.72127914428711
10-05-2006,23.80500030517578,24.290000915527344,867200,24.420000076293945,23.93000030517578,20.447847366333008
11-05-2006,23.09499931335449,23.7549991607666,1023800,23.76000022888184,23.09499931335449,19.734338760375977
12-05-2006,22.875,23.100000381469727,793200,23.170000076293945,23.05500030517578,19.700166702270508
15-05-2006,22.209999084472656,22.25,885000,23.23500061035156,22.989999771118164,19.644620895385746
16-05-2006,22.950000762939453,23.149999618530277,845400,23.549999237060547,23.51499938964844,20.093231201171875
17-05-2006,23.5049991607666,23.51499938964844,1086400,23.924999237060547,23.665000915527344,20.22140121459961
18-05-2006,23.21999931335449,23.38999938964844,1034000,23.489999771118164,23.34000015258789,19.943693161010746
19-05-2006,22.450000762939453,22.950000762939453,1252800,23.0049991607666,22.850000381469727,19.52499389648437
22-05-2006,22.38500022888184,22.405000686645508,844000,23.0,22.80500030517578,19.486549377441406
23-05-2006,22.309999465942383,22.950000762939453,544400,22.979999542236328,22.309999465942383,19.063570022583008
24-05-2006,21.674999237060547,22.309999465942383,1338800,22.40999984741211,22.32999992370605,19.080663681030277
25-05-2006,22.149999618530277,22.32999992370605,636800,22.69499969482422,22.59000015258789,19.302831649780277
26-05-2006,22.280000686645508,22.440000534057617,850200,23.1299991607666,23.125,19.759971618652344
30-05-2006,22.36000061035156,22.700000762939453,632800,22.799999237060547,22.38999938964844,19.131935119628903
31-05-2006,22.309999465942383,22.3799991607666,898000,23.0,22.729999542236328,19.42245864868164
01-06-2006,22.674999237060547,22.729999542236328,878400,23.200000762939453,23.15999984741211,19.789884567260746
02-06-2006,22.274999618530277,22.975000381469727,891200,23.0,22.73500061035156,19.426733016967773
05-06-2006,22.01000022888184,22.684999465942383,622600,22.71500015258789,22.184999465942383,18.95675468444824
06-06-2006,21.450000762939453,22.0049991607666,727800,22.21500015258789,21.8799991607666,18.696142196655277
07-06-2006,21.850000381469727,21.934999465942383,649000,22.450000762939453,22.075000762939453,18.862768173217773
08-06-2006,21.795000076293945,21.95499992370605,635400,22.155000686645508,21.96500015258789,18.768781661987305
09-06-2006,21.98500061035156,21.98500061035156,1004400,22.354999542236328,22.13999938964844,18.918310165405277
12-06-2006,21.94499969482422,22.09000015258789,1080400,22.299999237060547,21.96500015258789,18.768781661987305
13-06-2006,21.18000030517578,21.700000762939453,690400,22.059999465942383,21.68000030517578,18.525245666503903
14-06-2006,21.5,21.725000381469727,444000,21.90999984741211,21.799999237060547,18.627790451049805
15-06-2006,21.73500061035156,21.82999992370605,915200,22.395000457763672,22.26000022888184,19.020849227905277
16-06-2006,22.09499931335449,22.325000762939453,525000,22.475000381469727,22.23500061035156,18.999488830566406
19-06-2006,21.93000030517578,22.26000022888184,489000,22.434999465942383,22.07999992370605,18.867042541503903
20-06-2006,21.614999771118164,21.95499992370605,783200,22.049999237060547,21.899999618530277,18.71323013305664
21-06-2006,21.915000915527344,21.94499969482422,747800,22.670000076293945,22.424999237060547,19.16183090209961
22-06-2006,22.049999237060547,22.46500015258789,800800,22.46500015258789,22.34000015258789,19.089208602905277
23-06-2006,21.90999984741211,22.18000030517578,594800,22.34000015258789,22.200000762939453,18.96957397460937
26-06-2006,21.84499931335449,21.875,1020600,22.28499984741211,22.28499984741211,19.042211532592773
27-06-2006,21.920000076293945,22.28499984741211,759800,22.450000762939453,22.23500061035156,18.999488830566406
28-06-2006,21.75,22.100000381469727,466200,22.26000022888184,22.21500015258789,18.982398986816406
29-06-2006,22.25,22.299999237060547,1231400,23.225000381469727,23.13500022888184,19.768526077270508
30-06-2006,23.145000457763672,23.25,1223800,23.549999237060547,23.475000381469727,20.059045791625977
03-07-2006,23.709999084472656,23.875,782600,24.36000061035156,24.200000762939453,20.678550720214844
05-07-2006,23.48500061035156,23.549999237060547,1358600,23.864999771118164,23.825000762939453,20.358123779296875
06-07-2006,23.674999237060547,23.7549991607666,763200,23.920000076293945,23.875,20.40084648132324
07-07-2006,23.530000686645508,23.75,531200,23.875,23.63999938964844,20.20003890991211
10-07-2006,22.96500015258789,23.6200008392334,783400,23.6200008392334,23.07999992370605,19.721525192260746
11-07-2006,22.725000381469727,23.020000457763672,940000,23.09000015258789,23.0049991607666,19.65743827819824
12-07-2006,22.55500030517578,22.700000762939453,826800,22.98500061035156,22.8700008392334,19.54208755493164
13-07-2006,22.424999237060547,22.700000762939453,779600,22.799999237060547,22.55500030517578,19.272920608520508
14-07-2006,21.8799991607666,22.5049991607666,790200,22.625,22.030000686645508,18.82431983947754
17-07-2006,21.475000381469727,21.875,1403400,21.98500061035156,21.674999237060547,18.520971298217773
18-07-2006,21.770000457763672,22.125,1533000,22.375,22.0049991607666,18.80295753479004
19-07-2006,22.270000457763672,22.270000457763672,2718000,23.399999618530277,22.989999771118164,19.644620895385746
20-07-2006,22.81999969482422,23.34000015258789,1492600,23.5,22.989999771118164,19.644620895385746
21-07-2006,22.5,22.9950008392334,1316600,22.9950008392334,22.73500061035156,19.426733016967773
24-07-2006,22.295000076293945,22.850000381469727,1028200,22.875,22.649999618530277,19.35409927368164
25-07-2006,22.350000381469727,22.899999618530277,1301400,22.93000030517578,22.69499969482422,19.39255142211914
26-07-2006,22.30500030517578,22.57999992370605,972800,22.70499992370605,22.61000061035156,19.31991577148437
27-07-2006,22.405000686645508,22.73500061035156,892600,22.90999984741211,22.55500030517578,19.272920608520508
28-07-2006,22.73500061035156,22.75,837000,23.125,23.084999084472656,19.725799560546875
31-07-2006,23.084999084472656,23.26499938964844,793800,23.424999237060547,23.20499992370605,19.82833671569824
01-08-2006,22.6299991607666,23.125,964600,23.125,22.96500015258789,19.623262405395508
02-08-2006,22.350000381469727,22.71500015258789,1280200,22.875,22.5,19.22592163085937
03-08-2006,22.30500030517578,22.424999237060547,492400,22.799999237060547,22.75,19.439546585083008
04-08-2006,22.614999771118164,22.809999465942383,545600,23.0,22.875,19.546358108520508
07-08-2006,22.3700008392334,22.600000381469727,458800,22.69499969482422,22.530000686645508,19.25155258178711
08-08-2006,22.684999465942383,22.7549991607666,464400,23.075000762939453,22.774999618530277,19.460906982421875
09-08-2006,22.600000381469727,22.850000381469727,429000,22.975000381469727,22.63999938964844,19.345552444458008
10-08-2006,22.3700008392334,22.450000762939453,472400,22.774999618530277,22.524999618530277,19.247289657592773
11-08-2006,22.21999931335449,22.5,354000,22.5,22.2450008392334,19.008037567138672
14-08-2006,22.475000381469727,22.4950008392334,686000,23.09000015258789,22.790000915527344,19.473730087280277
15-08-2006,22.82999992370605,22.905000686645508,646200,23.200000762939453,23.1200008392334,19.75570297241211
16-08-2006,22.665000915527344,23.225000381469727,955000,23.25,22.9950008392334,19.648895263671875
17-08-2006,22.924999237060547,23.399999618530277,1234600,23.655000686645508,23.25,19.86679077148437
18-08-2006,21.225000381469727,22.375,4109600,22.7549991607666,21.549999237060547,18.41416358947754
21-08-2006,21.0,21.43000030517578,1517600,21.5,21.0,17.94419288635254
22-08-2006,19.5049991607666,20.75,6576000,20.75,19.825000762939453,16.940174102783203
23-08-2006,19.645000457763672,20.149999618530277,2931200,20.34000015258789,19.920000076293945,17.021350860595703
24-08-2006,19.71999931335449,19.920000076293945,1902800,20.200000762939453,19.7549991607666,16.88036346435547
25-08-2006,19.625,19.76000022888184,1092400,19.895000457763672,19.774999618530277,16.897445678710938
28-08-2006,19.799999237060547,19.875,1393800,20.084999084472656,20.0,17.0897159576416
29-08-2006,19.950000762939453,20.125,1487800,20.28499984741211,20.149999618530277,17.217880249023438
30-08-2006,20.149999618530277,20.149999618530277,1399800,20.405000686645508,20.30500030517578,17.35033416748047
31-08-2006,20.13999938964844,20.3799991607666,1040800,20.6200008392334,20.34000015258789,17.38023567199707
01-09-2006,20.399999618530277,20.424999237060547,1016800,20.59000015258789,20.489999771118164,17.50840950012207
05-09-2006,20.559999465942383,20.875,1264200,20.915000915527344,20.6200008392334,17.619489669799805
06-09-2006,20.024999618530277,20.375,1897800,20.3799991607666,20.07999992370605,17.1580753326416
07-09-2006,19.774999618530277,20.059999465942383,1707000,20.059999465942383,19.940000534057617,17.038440704345703
08-09-2006,20.100000381469727,20.125,1495600,20.5,20.399999618530277,17.431509017944336
11-09-2006,19.25,19.94499969482422,2844000,20.125,19.520000457763672,16.679561614990234
12-09-2006,19.600000381469727,19.604999542236328,1073600,20.104999542236328,20.01499938964844,17.10253143310547
13-09-2006,20.114999771118164,20.13999938964844,960800,20.280000686645508,20.174999237060547,17.23924446105957
14-09-2006,20.075000762939453,20.125,805200,20.325000762939453,20.1299991607666,17.200790405273438
15-09-2006,19.88500022888184,20.1299991607666,796000,20.225000381469727,19.88500022888184,16.99144744873047
18-09-2006,20.024999618530277,20.024999618530277,977800,20.459999084472656,20.225000381469727,17.281972885131836
19-09-2006,20.049999237060547,20.3799991607666,1297400,20.44499969482422,20.225000381469727,17.281972885131836
20-09-2006,19.854999542236328,20.174999237060547,1305400,20.25,20.0049991607666,17.0939884185791
21-09-2006,20.020000457763672,20.15999984741211,810000,20.364999771118164,20.07999992370605,17.1580753326416
22-09-2006,19.690000534057617,20.0,905600,20.06999969482422,19.780000686645508,16.901718139648438
25-09-2006,19.405000686645508,19.780000686645508,2385600,19.84499931335449,19.450000762939453,16.619749069213867
26-09-2006,19.09499931335449,19.524999618530277,2528400,19.6200008392334,19.26000022888184,16.457395553588867
27-09-2006,19.450000762939453,19.450000762939453,3839800,19.809999465942383,19.69499969482422,16.82909393310547
28-09-2006,19.7549991607666,20.174999237060547,2106400,20.3700008392334,20.024999618530277,17.111074447631836
29-09-2006,19.82999992370605,20.0,10135600,20.200000762939453,20.125,17.196514129638672
02-10-2006,19.65999984741211,20.049999237060547,2507800,20.05500030517578,19.76499938964844,16.888904571533203
03-10-2006,19.600000381469727,19.76499938964844,2078000,20.200000762939453,20.05500030517578,17.13671112060547
04-10-2006,20.03499984741211,20.05500030517578,1464600,20.3799991607666,20.350000381469727,17.3887882232666
05-10-2006,20.270000457763672,20.399999618530277,1799800,20.475000381469727,20.309999465942383,17.354602813720703
06-10-2006,20.01000022888184,20.149999618530277,1432000,20.405000686645508,20.1200008392334,17.19225311279297
09-10-2006,19.84000015258789,20.040000915527344,1322200,20.11000061035156,20.049999237060547,17.132442474365234
10-10-2006,19.88999938964844,20.1200008392334,816600,20.184999465942383,19.989999771118164,17.081167221069336
11-10-2006,19.725000381469727,19.875,1375400,20.045000076293945,19.95499992370605,17.0512638092041
12-10-2006,19.86000061035156,19.95499992370605,1857600,20.059999465942383,19.989999771118164,17.081167221069336
13-10-2006,19.774999618530277,19.915000915527344,1770800,19.959999084472656,19.809999465942383,16.927358627319336
16-10-2006,19.809999465942383,19.875,1557400,20.125,19.88500022888184,16.99144744873047
17-10-2006,19.84499931335449,19.905000686645508,1530400,20.25,19.950000762939453,17.046987533569336
18-10-2006,19.940000534057617,20.125,1188800,20.274999618530277,20.15999984741211,17.22643280029297
19-10-2006,20.184999465942383,20.184999465942383,945600,20.364999771118164,20.2549991607666,17.307607650756836
20-10-2006,20.375,20.424999237060547,1203600,20.700000762939453,20.399999618530277,17.431509017944336
23-10-2006,20.43000030517578,20.51000022888184,1551200,20.770000457763672,20.524999618530277,17.538314819335938
24-10-2006,20.96500015258789,20.96500015258789,3418600,21.489999771118164,21.405000686645508,18.29026222229004
25-10-2006,21.334999084472656,21.5,1608400,21.75,21.459999084472656,18.337263107299805
26-10-2006,21.31999969482422,21.440000534057617,1787400,22.174999237060547,21.975000381469727,18.777318954467773
27-10-2006,21.959999084472656,22.0,2140600,22.395000457763672,22.030000686645508,18.82431983947754
30-10-2006,21.725000381469727,22.024999618530277,1836200,22.270000457763672,22.114999771118164,18.89694595336914
31-10-2006,21.94499969482422,22.1200008392334,989800,22.290000915527344,21.9950008392334,18.794414520263672
01-11-2006,21.96999931335449,22.13999938964844,934600,22.31999969482422,22.06999969482422,18.85849952697754
02-11-2006,21.799999237060547,21.950000762939453,755400,22.07999992370605,22.045000076293945,18.837139129638672
03-11-2006,21.875,22.045000076293945,602200,22.170000076293945,22.01499938964844,18.811500549316406
06-11-2006,22.100000381469727,22.149999618530277,978400,22.475000381469727,22.44499969482422,19.178932189941406
07-11-2006,21.815000534057617,22.625,2375200,22.799999237060547,21.959999084472656,18.764501571655277
08-11-2006,21.725000381469727,21.96500015258789,2035200,22.100000381469727,21.88999938964844,18.704694747924805
09-11-2006,22.674999237060547,23.100000381469727,4168200,23.825000762939453,23.01000022888184,19.66171264648437
10-11-2006,22.959999084472656,23.299999237060547,1874400,23.3799991607666,23.09499931335449,19.734338760375977
13-11-2006,23.049999237060547,23.049999237060547,1533600,23.489999771118164,23.38999938964844,19.986412048339844
14-11-2006,23.520000457763672,23.674999237060547,2086600,24.0,24.0,20.507658004760746
15-11-2006,23.920000076293945,24.0,1589400,24.475000381469727,24.38999938964844,20.840909957885746
16-11-2006,24.225000381469727,24.424999237060547,1438800,24.524999618530277,24.5,20.934907913208008
17-11-2006,24.5,24.549999237060547,2215400,24.780000686645508,24.75,21.148521423339844
20-11-2006,24.274999618530277,24.459999084472656,1213200,24.524999618530277,24.38500022888184,20.83663558959961
21-11-2006,24.225000381469727,24.280000686645508,1097800,24.38500022888184,24.334999084472656,20.79391288757324
22-11-2006,24.20499992370605,24.290000915527344,859600,24.459999084472656,24.459999084472656,20.900718688964844
24-11-2006,24.270000457763672,24.375,427200,24.56999969482422,24.56999969482422,20.99471092224121
27-11-2006,24.540000915527344,24.565000534057617,2020000,24.86000061035156,24.649999618530277,21.06307411193848
28-11-2006,24.559999465942383,24.649999618530277,2070400,25.06999969482422,25.0,21.362138748168945
29-11-2006,24.65999984741211,24.924999237060547,963800,25.225000381469727,24.96500015258789,21.33223533630371
30-11-2006,24.86000061035156,24.9950008392334,777000,25.225000381469727,25.0,21.362138748168945
01-12-2006,24.424999237060547,24.94499969482422,835400,24.96999931335449,24.899999618530277,21.276691436767575
04-12-2006,24.825000762939453,24.84499931335449,812200,25.315000534057617,25.290000915527344,21.60993766784668
05-12-2006,25.280000686645508,25.334999084472656,626800,25.584999084472656,25.540000915527344,21.823566436767575
06-12-2006,25.25,25.350000381469727,457800,25.489999771118164,25.26499938964844,21.588573455810547
07-12-2006,25.09499931335449,25.225000381469727,657600,25.334999084472656,25.1299991607666,21.473222732543945
08-12-2006,25.059999465942383,25.149999618530277,707000,25.34499931335449,25.299999237060547,21.618480682373047
11-12-2006,24.989999771118164,25.174999237060547,617200,25.334999084472656,25.299999237060547,21.618480682373047
12-12-2006,24.80500030517578,25.0,1162600,25.03499984741211,24.864999771118164,21.246788024902344
13-12-2006,24.7549991607666,24.815000534057617,1089600,25.0,24.899999618530277,21.276691436767575
14-12-2006,24.899999618530277,24.959999084472656,1309000,25.049999237060547,25.020000457763672,21.379228591918945
15-12-2006,24.899999618530277,24.9950008392334,1237800,25.049999237060547,24.95499992370605,21.323686599731445
18-12-2006,23.21500015258789,23.21500015258789,657000,25.149999618530277,24.950000762939453,21.31941032409668
19-12-2006,24.68000030517578,24.899999618530277,695400,25.030000686645508,24.895000457763672,21.272417068481445
20-12-2006,24.71999931335449,24.924999237060547,399400,25.155000686645508,24.80500030517578,21.19551086425781
21-12-2006,24.51499938964844,24.75,329200,24.875,24.61000061035156,21.028884887695312
22-12-2006,24.399999618530277,24.739999771118164,313600,24.7549991607666,24.424999237060547,20.87080955505371
26-12-2006,24.399999618530277,24.424999237060547,249800,24.88999938964844,24.81999969482422,21.208332061767575
27-12-2006,24.774999618530277,25.05500030517578,341600,25.165000915527344,24.934999465942383,21.306596755981445
28-12-2006,24.75,24.934999465942383,246000,24.96500015258789,24.78499984741211,21.178422927856445
29-12-2006,24.334999084472656,24.790000915527344,677600,24.850000381469727,24.61000061035156,21.028884887695312
03-01-2007,24.84000015258789,24.924999237060547,962000,25.149999618530277,25.03499984741211,21.39204788208008
04-01-2007,24.7549991607666,25.030000686645508,432400,25.06999969482422,24.905000686645508,21.28095817565918
05-01-2007,24.200000762939453,24.75,485000,24.7549991607666,24.459999084472656,20.900718688964844
08-01-2007,24.665000915527344,24.700000762939453,648200,25.100000381469727,25.09000015258789,21.439044952392575
09-01-2007,24.899999618530277,25.09499931335449,388800,25.155000686645508,25.059999465942383,21.413410186767575
10-01-2007,24.655000686645508,24.84499931335449,546200,25.045000076293945,24.780000686645508,21.174150466918945
11-01-2007,24.899999618530277,24.899999618530277,688600,25.40999984741211,25.40999984741211,21.712474822998047
12-01-2007,25.65999984741211,25.65999984741211,818800,26.100000381469727,25.88999938964844,22.122631072998047
16-01-2007,26.100000381469727,26.524999618530277,1531400,26.625,26.209999084472656,22.39606666564941
17-01-2007,25.790000915527344,26.01499938964844,574400,26.5049991607666,26.354999542236328,22.519968032836918
18-01-2007,25.774999618530277,26.100000381469727,789600,26.200000762939453,25.84499931335449,22.084178924560547
19-01-2007,25.614999771118164,25.950000762939453,1133400,26.11000061035156,26.01499938964844,22.22943687438965
22-01-2007,25.899999618530277,26.01499938964844,465200,26.200000762939453,26.125,22.323436737060547
23-01-2007,26.38500022888184,26.424999237060547,1640200,27.045000076293945,26.69499969482422,22.81049346923828
24-01-2007,26.489999771118164,26.84000015258789,1047800,26.95499992370605,26.549999237060547,22.68659019470215
25-01-2007,26.07999992370605,26.450000762939453,910200,26.5,26.174999237060547,22.36615753173828
26-01-2007,25.7450008392334,26.174999237060547,1298200,26.174999237060547,25.864999771118164,22.101268768310547
29-01-2007,25.850000381469727,25.989999771118164,736200,26.149999618530277,25.95499992370605,22.17817687988281
30-01-2007,26.30500030517578,26.5,927400,26.51000022888184,26.375,22.537057876586918
31-01-2007,25.979999542236328,26.1200008392334,563800,26.440000534057617,26.290000915527344,22.46442604064941
01-02-2007,26.125,26.21500015258789,648200,26.4950008392334,26.290000915527344,22.46442604064941
02-02-2007,26.44499969482422,26.75,2734400,27.489999771118164,27.1299991607666,23.182191848754883
05-02-2007,26.700000762939453,27.57999992370605,1459000,28.07999992370605,27.125,23.177919387817383
06-02-2007,26.73500061035156,26.770000457763672,878800,27.21999931335449,27.045000076293945,23.10956573486328
07-02-2007,24.44499969482422,25.76000022888184,5967000,25.76000022888184,25.0,21.362138748168945
08-02-2007,24.71500015258789,25.06999969482422,2167000,25.299999237060547,25.040000915527344,21.396318435668945
09-02-2007,23.950000762939453,24.75,2258000,24.7549991607666,24.024999618530277,20.52901268005371
12-02-2007,24.149999618530277,24.25,1903200,24.420000076293945,24.309999465942383,20.772544860839844
13-02-2007,24.549999237060547,24.700000762939453,1956600,24.780000686645508,24.71999931335449,21.122882843017575
14-02-2007,24.649999618530277,24.700000762939453,1090200,24.93000030517578,24.774999618530277,21.16987609863281
15-02-2007,25.104999542236328,25.25,1821200,25.399999618530277,25.174999237060547,21.511674880981445
16-02-2007,24.70499992370605,25.09499931335449,722600,25.09499931335449,24.899999618530277,21.276691436767575
20-02-2007,24.55500030517578,24.825000762939453,787200,25.0,24.700000762939453,21.10579490661621
21-02-2007,24.53499984741211,24.700000762939453,891600,24.76499938964844,24.625,21.041704177856445
22-02-2007,24.559999465942383,24.649999618530277,794800,24.81999969482422,24.690000534057617,21.097246170043945
23-02-2007,24.5,24.795000076293945,726800,24.84499931335449,24.774999618530277,21.16987609863281
26-02-2007,24.440000534057617,24.63500022888184,628800,24.700000762939453,24.545000076293945,20.973350524902344
27-02-2007,23.38500022888184,24.21500015258789,893800,24.2450008392334,23.655000686645508,20.212854385375977
28-02-2007,23.415000915527344,23.625,990200,24.2549991607666,23.864999771118164,20.39230155944824
01-03-2007,23.46999931335449,23.850000381469727,1224800,23.88999938964844,23.649999618530277,20.20858192443848
02-03-2007,23.05500030517578,23.270000457763672,1283200,23.56999969482422,23.075000762939453,19.71725082397461
05-03-2007,22.375,22.799999237060547,1687000,22.9950008392334,22.59000015258789,19.302831649780277
06-03-2007,22.729999542236328,22.73500061035156,1549600,23.350000381469727,23.295000076293945,19.905242919921875
07-03-2007,23.200000762939453,23.600000381469727,1254000,23.780000686645508,23.26499938964844,19.87961196899414
08-03-2007,23.31999969482422,23.540000915527344,897000,23.75,23.44499969482422,20.033409118652344
09-03-2007,23.51000022888184,23.600000381469727,554000,23.690000534057617,23.63500022888184,20.19576644897461
12-03-2007,23.63500022888184,23.63500022888184,706400,23.975000381469727,23.959999084472656,20.47347068786621
13-03-2007,23.565000534057617,23.959999084472656,697800,24.065000534057617,23.63500022888184,20.19576644897461
14-03-2007,23.040000915527344,23.63500022888184,1558000,23.63500022888184,23.309999465942383,19.918058395385746
15-03-2007,23.405000686645508,23.415000915527344,789600,23.670000076293945,23.649999618530277,20.20858192443848
16-03-2007,23.61000061035156,23.799999237060547,776800,23.950000762939453,23.790000915527344,20.328214645385746
19-03-2007,24.020000457763672,24.020000457763672,758800,24.2450008392334,24.18000030517578,20.66146278381348
20-03-2007,23.6299991607666,23.98500061035156,872600,24.18000030517578,24.18000030517578,20.66146278381348
21-03-2007,23.854999542236328,23.899999618530277,674200,24.34499931335449,24.334999084472656,20.79391288757324
22-03-2007,24.354999542236328,24.559999465942383,1034600,24.825000762939453,24.59499931335449,21.01606750488281
23-03-2007,24.899999618530277,24.899999618530277,1359400,25.40999984741211,25.334999084472656,21.64838981628418
26-03-2007,25.334999084472656,25.334999084472656,1261200,25.684999465942383,25.600000381469727,21.87482452392578
27-03-2007,25.2549991607666,25.5,683400,25.51000022888184,25.2549991607666,21.58003044128418
28-03-2007,25.0049991607666,25.1299991607666,830400,25.25,25.114999771118164,21.460405349731445
29-03-2007,25.024999618530277,25.38999938964844,1053800,25.399999618530277,25.25,21.575763702392575
30-03-2007,25.100000381469727,25.225000381469727,625800,25.38999938964844,25.184999465942383,21.52021789550781
02-04-2007,24.795000076293945,25.100000381469727,803000,25.114999771118164,25.114999771118164,21.460405349731445
03-04-2007,25.03499984741211,25.13999938964844,733400,25.475000381469727,25.184999465942383,21.52021789550781
04-04-2007,25.040000915527344,25.274999618530277,783200,25.364999771118164,25.149999618530277,21.490306854248047
05-04-2007,25.03499984741211,25.184999465942383,570800,25.809999465942383,25.61000061035156,21.883380889892575
09-04-2007,25.395000457763672,25.61000061035156,272600,25.69499969482422,25.530000686645508,21.815021514892575
10-04-2007,25.530000686645508,25.530000686645508,489000,25.950000762939453,25.70499992370605,21.964555740356445
11-04-2007,24.875,25.46500015258789,748200,25.475000381469727,24.950000762939453,21.31941032409668
12-04-2007,24.670000076293945,24.799999237060547,981000,24.84000015258789,24.825000762939453,21.21259880065918
13-04-2007,24.674999237060547,24.825000762939453,536800,24.899999618530277,24.850000381469727,21.233966827392575
16-04-2007,24.6200008392334,24.975000381469727,1390200,25.295000076293945,24.68000030517578,21.08869743347168
17-04-2007,24.125,24.604999542236328,1468000,24.61000061035156,24.225000381469727,20.699913024902344
18-04-2007,23.575000762939453,23.895000457763672,1984600,23.959999084472656,23.864999771118164,20.39230155944824
19-04-2007,23.30500030517578,23.59000015258789,1157600,23.729999542236328,23.59000015258789,20.15731239318848
20-04-2007,23.895000457763672,24.0,1515400,24.25,24.21999931335449,20.69564247131348
23-04-2007,24.25,24.51000022888184,1326400,24.799999237060547,24.31999969482422,20.781084060668945
24-04-2007,20.63500022888184,20.825000762939453,12948200,22.075000762939453,21.924999237060547,18.734594345092773
25-04-2007,21.15999984741211,21.924999237060547,4032200,22.200000762939453,21.30500030517578,18.204816818237305
26-04-2007,21.299999237060547,21.299999237060547,1694200,21.71999931335449,21.424999237060547,18.307355880737305
27-04-2007,21.200000762939453,21.799999237060547,2359800,22.0,21.399999618530277,18.285999298095703
30-04-2007,21.0,21.545000076293945,1897000,21.690000534057617,21.1299991607666,18.05527687072754
01-05-2007,20.795000076293945,21.149999618530277,1952000,21.20499992370605,20.90999984741211,17.86729621887207
02-05-2007,21.450000762939453,21.645000457763672,2456600,21.709999084472656,21.684999465942383,18.529521942138672
03-05-2007,21.38500022888184,21.73500061035156,1690400,21.770000457763672,21.450000762939453,18.32871437072754
04-05-2007,21.3799991607666,21.524999618530277,1164600,21.614999771118164,21.614999771118164,18.469711303710938
07-05-2007,21.625,21.69499969482422,2983800,22.114999771118164,22.09000015258789,18.875587463378903
08-05-2007,21.530000686645508,21.815000534057617,1582200,21.920000076293945,21.920000076293945,18.73033332824707
09-05-2007,21.63999938964844,21.834999084472656,844800,21.96999931335449,21.82999992370605,18.65342330932617
10-05-2007,21.700000762939453,21.834999084472656,1202200,21.98500061035156,21.875,18.691875457763672
11-05-2007,21.95499992370605,22.125,1552400,22.25,22.15999984741211,18.93540382385254
14-05-2007,22.43000030517578,23.145000457763672,1837600,23.399999618530277,22.549999237060547,19.26864624023437
15-05-2007,21.940000534057617,22.51000022888184,1581800,22.51499938964844,22.01000022888184,18.80722999572754
16-05-2007,21.80500030517578,22.049999237060547,855400,22.1299991607666,22.09499931335449,18.879863739013672
17-05-2007,21.63999938964844,21.875,1001000,21.9950008392334,21.875,18.691875457763672
18-05-2007,21.76499938964844,21.875,1128400,22.225000381469727,22.15999984741211,18.93540382385254
21-05-2007,21.899999618530277,22.114999771118164,1067200,22.38500022888184,22.239999771118164,19.003755569458008
22-05-2007,22.170000076293945,22.200000762939453,978000,22.459999084472656,22.405000686645508,19.14474868774414
23-05-2007,22.524999618530277,22.75,1184200,22.875,22.600000381469727,19.31137466430664
24-05-2007,22.125,22.6299991607666,879600,22.76499938964844,22.190000534057617,18.96102905273437
25-05-2007,22.100000381469727,22.34000015258789,461600,22.48500061035156,22.459999084472656,19.19175148010254
29-05-2007,22.36000061035156,22.5,691800,22.575000762939453,22.450000762939453,19.183198928833008
30-05-2007,21.8799991607666,21.98500061035156,1201400,22.5049991607666,22.5049991607666,19.230201721191406
31-05-2007,22.295000076293945,22.489999771118164,1050800,22.540000915527344,22.540000915527344,19.26010131835937
01-06-2007,22.55500030517578,22.649999618530277,845200,22.825000762939453,22.780000686645508,19.46518325805664
04-06-2007,22.46999931335449,22.82999992370605,1084200,22.934999465942383,22.670000076293945,19.371187210083008
05-06-2007,22.299999237060547,22.56999969482422,806600,22.71500015258789,22.63500022888184,19.341283798217773
06-06-2007,22.125,22.450000762939453,1542600,22.450000762939453,22.21999931335449,18.986665725708008
07-06-2007,21.899999618530277,22.149999618530277,1321000,22.290000915527344,21.899999618530277,18.71323013305664
08-06-2007,21.88999938964844,21.899999618530277,1073400,22.1200008392334,22.100000381469727,18.88413429260254
11-06-2007,21.73500061035156,22.0049991607666,2183800,22.06999969482422,21.799999237060547,18.627790451049805
12-06-2007,21.350000381469727,21.600000381469727,1907600,21.71500015258789,21.57999992370605,18.439802169799805
13-06-2007,21.479999542236328,21.5,1304800,22.049999237060547,21.8700008392334,18.68759536743164
14-06-2007,21.350000381469727,21.424999237060547,2279200,21.81999969482422,21.70499992370605,18.546615600585938
15-06-2007,21.70499992370605,21.864999771118164,1302000,22.0,21.95499992370605,18.760229110717773
18-06-2007,21.920000076293945,22.06999969482422,1019600,22.084999084472656,21.95499992370605,18.760229110717773
19-06-2007,21.774999618530277,21.8799991607666,745800,21.950000762939453,21.93000030517578,18.73887252807617
20-06-2007,21.6200008392334,22.0049991607666,690600,22.065000534057617,21.6200008392334,18.47397804260254
21-06-2007,21.315000534057617,21.46500015258789,1006400,21.5049991607666,21.450000762939453,18.32871437072754
22-06-2007,20.78499984741211,21.334999084472656,2764400,21.334999084472656,20.915000915527344,17.871566772460938
25-06-2007,20.665000915527344,20.8799991607666,2540400,21.07999992370605,20.739999771118164,17.722034454345703
26-06-2007,20.604999542236328,20.895000457763672,1747200,21.200000762939453,20.625,17.62376594543457
27-06-2007,20.309999465942383,20.459999084472656,1555600,20.82999992370605,20.815000534057617,17.786117553710938
28-06-2007,20.625,20.75,1810800,20.895000457763672,20.78499984741211,17.760482788085938
29-06-2007,20.57999992370605,20.774999618530277,1326600,20.8799991607666,20.6299991607666,17.628036499023438
02-07-2007,20.63999938964844,20.76499938964844,1075400,20.920000076293945,20.850000381469727,17.816022872924805
03-07-2007,20.71500015258789,20.86000061035156,310600,20.950000762939453,20.825000762939453,17.794662475585938
05-07-2007,20.65999984741211,20.899999618530277,572400,20.899999618530277,20.850000381469727,17.816022872924805
06-07-2007,20.684999465942383,20.850000381469727,686000,20.920000076293945,20.86000061035156,17.824573516845703
09-07-2007,20.81999969482422,20.96500015258789,765600,21.075000762939453,21.05500030517578,17.991199493408203
10-07-2007,20.489999771118164,20.899999618530277,1083200,20.899999618530277,20.55500030517578,17.563955307006836
11-07-2007,20.415000915527344,20.45499992370605,786800,20.575000762939453,20.565000534057617,17.57249641418457
12-07-2007,20.405000686645508,20.46500015258789,1238800,20.854999542236328,20.854999542236328,17.82029914855957
13-07-2007,20.59000015258789,20.625,1449800,21.26499938964844,20.799999237060547,17.773300170898438
16-07-2007,20.48500061035156,20.665000915527344,654800,20.700000762939453,20.524999618530277,17.538314819335938
17-07-2007,20.21999931335449,20.38500022888184,1399400,20.725000381469727,20.46500015258789,17.48705291748047
18-07-2007,20.26499938964844,20.325000762939453,1478800,20.80500030517578,20.71500015258789,17.700666427612305
19-07-2007,20.43000030517578,20.825000762939453,1778000,20.8700008392334,20.6200008392334,17.619489669799805
20-07-2007,20.604999542236328,20.809999465942383,1374600,20.950000762939453,20.76000022888184,17.739118576049805
23-07-2007,20.73500061035156,20.825000762939453,1097200,21.045000076293945,20.920000076293945,17.875839233398438
24-07-2007,20.834999084472656,20.899999618530277,1351200,21.07999992370605,20.934999465942383,17.88865852355957
25-07-2007,21.0,21.049999237060547,2486800,21.674999237060547,21.565000534057617,18.426984786987305
26-07-2007,21.0,21.520000457763672,2827200,21.93000030517578,21.61000061035156,18.46543312072754
27-07-2007,21.280000686645508,21.614999771118164,1359000,21.709999084472656,21.280000686645508,18.183454513549805
30-07-2007,20.895000457763672,21.25,1091200,21.584999084472656,21.364999771118164,18.256080627441406
31-07-2007,21.489999771118164,21.625,1295600,21.934999465942383,21.489999771118164,18.36289596557617
01-08-2007,20.975000381469727,20.975000381469727,1658000,21.799999237060547,21.709999084472656,18.550878524780277
02-08-2007,21.645000457763672,21.815000534057617,1156400,22.30500030517578,22.274999618530277,19.033672332763672
03-08-2007,22.06999969482422,22.125,1978000,22.600000381469727,22.075000762939453,18.862768173217773
06-08-2007,22.01000022888184,22.149999618530277,1924000,23.030000686645508,22.575000762939453,19.290010452270508
07-08-2007,22.350000381469727,22.350000381469727,2736600,22.96999931335449,22.700000762939453,19.39682006835937
08-08-2007,21.0,21.299999237060547,8492200,22.96500015258789,22.325000762939453,19.076391220092773
09-08-2007,21.174999237060547,21.174999237060547,4759600,23.350000381469727,22.020000457763672,18.815773010253903
10-08-2007,21.20499992370605,21.825000762939453,3034000,21.850000381469727,21.4950008392334,18.36716651916504
13-08-2007,20.96999931335449,21.45499992370605,1681800,21.549999237060547,21.20499992370605,18.11936378479004
14-08-2007,20.625,21.21999931335449,1751800,21.420000076293945,20.625,17.62376594543457
15-08-2007,20.059999465942383,20.450000762939453,2096800,20.600000381469727,20.1200008392334,17.19225311279297
16-08-2007,19.170000076293945,19.43000030517578,4069000,20.05500030517578,19.82999992370605,16.944442749023438
17-08-2007,19.86000061035156,20.280000686645508,2501800,20.40999984741211,20.395000457763672,17.42723846435547
20-08-2007,20.200000762939453,20.625,1712400,20.75,20.364999771118164,17.401599884033203
21-08-2007,20.145000457763672,20.239999771118164,884400,20.440000534057617,20.2450008392334,17.299057006835938
22-08-2007,20.325000762939453,20.325000762939453,893200,20.799999237060547,20.774999618530277,17.751928329467773
23-08-2007,20.405000686645508,20.774999618530277,1165800,20.82999992370605,20.700000762939453,17.687849044799805
24-08-2007,20.604999542236328,20.75,935600,21.0,20.98500061035156,17.931371688842773
27-08-2007,20.65999984741211,20.920000076293945,925600,21.01000022888184,20.8799991607666,17.841659545898438
28-08-2007,20.459999084472656,20.84000015258789,1016000,20.9950008392334,20.4950008392334,17.512685775756836
29-08-2007,20.125,20.59499931335449,1173800,20.600000381469727,20.375,17.410140991210938
30-08-2007,20.1299991607666,20.25,1010200,20.3799991607666,20.280000686645508,17.328968048095703
31-08-2007,20.1299991607666,20.549999237060547,1114400,20.549999237060547,20.32999992370605,17.371694564819336
04-09-2007,20.3700008392334,20.48500061035156,956600,20.799999237060547,20.71500015258789,17.700666427612305
05-09-2007,20.5,20.61000061035156,1172800,20.88500022888184,20.63500022888184,17.632307052612305
06-09-2007,20.73500061035156,20.75,1412200,21.13500022888184,21.09499931335449,18.025375366210938
07-09-2007,20.700000762939453,20.84000015258789,1562800,21.209999084472656,21.170000076293945,18.08946228027344
10-09-2007,21.149999618530277,21.2450008392334,1162600,21.549999237060547,21.34000015258789,18.23472785949707
11-09-2007,21.354999542236328,21.459999084472656,1748200,22.030000686645508,22.020000457763672,18.815773010253903
12-09-2007,21.88999938964844,21.98500061035156,1098000,22.32999992370605,22.225000381469727,18.99094009399414
13-09-2007,22.084999084472656,22.21500015258789,888000,22.475000381469727,22.20499992370605,18.973846435546875
14-09-2007,21.989999771118164,22.059999465942383,774000,22.30500030517578,22.19499969482422,18.965303421020508
17-09-2007,22.024999618530277,22.09499931335449,726400,22.26499938964844,22.03499984741211,18.828590393066406
18-09-2007,22.0049991607666,22.13500022888184,927200,22.5,22.475000381469727,19.204566955566406
19-09-2007,22.165000915527344,22.4950008392334,1095600,22.565000534057617,22.21500015258789,18.982398986816406
20-09-2007,22.2549991607666,22.399999618530277,495800,22.57999992370605,22.2549991607666,19.016576766967773
21-09-2007,21.86000061035156,22.274999618530277,1364800,22.274999618530277,21.90999984741211,18.721778869628903
24-09-2007,21.59000015258789,22.024999618530277,1529800,22.18000030517578,21.645000457763672,18.495346069335938
25-09-2007,21.524999618530277,21.59000015258789,774200,21.899999618530277,21.875,18.691875457763672
26-09-2007,21.69499969482422,21.875,491000,21.989999771118164,21.82999992370605,18.65342330932617
27-09-2007,21.030000686645508,21.2549991607666,1025200,21.459999084472656,21.44499969482422,18.324445724487305
28-09-2007,21.239999771118164,21.489999771118164,809000,21.625,21.434999465942383,18.31589698791504
01-10-2007,21.1299991607666,21.364999771118164,1834000,21.559999465942383,21.420000076293945,18.30308532714844
02-10-2007,21.239999771118164,21.31999969482422,890800,21.549999237060547,21.375,18.264623641967773
03-10-2007,20.604999542236328,21.290000915527344,2243200,21.290000915527344,20.614999771118164,17.615222930908203
04-10-2007,19.924999237060547,20.48500061035156,3609800,20.700000762939453,20.0,17.0897159576416
05-10-2007,20.045000076293945,20.1200008392334,2460000,20.575000762939453,20.575000762939453,17.581037521362305
08-10-2007,20.170000076293945,20.565000534057617,1042400,20.655000686645508,20.170000076293945,17.23497200012207
09-10-2007,19.71500015258789,20.09499931335449,1458600,20.270000457763672,20.270000457763672,17.320425033569336
10-10-2007,20.25,20.280000686645508,841400,20.5,20.3799991607666,17.414419174194336
11-10-2007,20.045000076293945,20.55500030517578,1092400,20.834999084472656,20.26499938964844,17.31615447998047
12-10-2007,20.170000076293945,20.399999618530277,1056400,20.459999084472656,20.2549991607666,17.307607650756836
15-10-2007,19.905000686645508,20.174999237060547,1287600,20.25,20.0,17.0897159576416
16-10-2007,19.790000915527344,20.0,1304000,20.07999992370605,19.825000762939453,16.940174102783203
17-10-2007,19.93000030517578,20.084999084472656,853000,20.19499969482422,20.049999237060547,17.132442474365234
18-10-2007,19.905000686645508,20.0,799400,20.104999542236328,19.96500015258789,17.059804916381836
19-10-2007,19.93000030517578,19.96500015258789,1178000,20.165000915527344,20.030000686645508,17.11534881591797
22-10-2007,19.774999618530277,19.864999771118164,1045400,20.084999084472656,20.024999618530277,17.111074447631836
23-10-2007,20.165000915527344,20.184999465942383,872400,20.57999992370605,20.559999465942383,17.568225860595703
24-10-2007,19.71999931335449,19.76000022888184,1439600,20.4950008392334,20.450000762939453,17.47422981262207
25-10-2007,20.475000381469727,20.56999969482422,841000,20.93000030517578,20.729999542236328,17.713481903076172
26-10-2007,20.405000686645508,21.045000076293945,1494800,21.104999542236328,20.450000762939453,17.47422981262207
29-10-2007,20.315000534057617,20.575000762939453,1408400,20.670000076293945,20.489999771118164,17.50840950012207
30-10-2007,20.34499931335449,20.40999984741211,659000,20.53499984741211,20.38500022888184,17.418689727783203
31-10-2007,20.26499938964844,20.600000381469727,1369400,20.81999969482422,20.71500015258789,17.700666427612305
01-11-2007,20.059999465942383,20.524999618530277,1545600,20.825000762939453,20.084999084472656,17.16234016418457
02-11-2007,20.65999984741211,21.200000762939453,3747200,21.5,20.950000762939453,17.90147590637207
05-11-2007,20.09499931335449,20.674999237060547,2121800,20.950000762939453,20.780000686645508,17.756208419799805
06-11-2007,20.75,20.81999969482422,1233800,21.184999465942383,21.149999618530277,18.072370529174805
07-11-2007,20.84499931335449,20.84499931335449,1862000,21.200000762939453,21.024999618530277,17.965560913085938
08-11-2007,20.924999237060547,21.11000061035156,1485400,21.5,21.424999237060547,18.307355880737305
09-11-2007,21.114999771118164,21.25,2171200,22.030000686645508,21.770000457763672,18.60215187072754
12-11-2007,21.604999542236328,21.604999542236328,2309000,22.1299991607666,21.924999237060547,18.734594345092773
13-11-2007,22.09000015258789,22.125,2165400,22.625,22.450000762939453,19.183198928833008
14-11-2007,21.864999771118164,22.450000762939453,1999600,22.450000762939453,21.98500061035156,18.78586769104004
15-11-2007,21.625,21.98500061035156,1380800,22.364999771118164,21.75,18.585060119628903
16-11-2007,21.51499938964844,22.07999992370605,1294200,22.084999084472656,21.84000015258789,18.661962509155277
19-11-2007,21.725000381469727,21.725000381469727,1836200,22.51499938964844,22.290000915527344,19.046483993530277
20-11-2007,21.96999931335449,22.239999771118164,2716200,22.350000381469727,22.125,18.90549659729004
21-11-2007,21.84000015258789,21.924999237060547,1147200,22.18000030517578,21.864999771118164,18.68332290649414
23-11-2007,22.0,22.0,1007800,22.75,22.729999542236328,19.42245864868164
26-11-2007,22.299999237060547,22.70499992370605,921600,22.905000686645508,22.354999542236328,19.10201835632324
27-11-2007,22.20499992370605,22.4950008392334,1382600,22.71500015258789,22.53499984741211,19.255828857421875
28-11-2007,22.53499984741211,22.53499984741211,1100000,23.200000762939453,23.155000686645508,19.785606384277344
29-11-2007,22.7549991607666,22.899999618530277,871600,23.13999938964844,22.959999084472656,19.61898803710937
30-11-2007,22.770000457763672,23.114999771118164,1383200,23.280000686645508,22.899999618530277,19.56771850585937
03-12-2007,22.43000030517578,22.815000534057617,1366600,23.024999618530277,22.950000762939453,19.610445022583008
04-12-2007,22.549999237060547,22.799999237060547,1071400,23.15999984741211,22.934999465942383,19.59762954711914
05-12-2007,22.790000915527344,22.950000762939453,1264400,23.1200008392334,23.020000457763672,19.670255661010746
06-12-2007,23.125,23.184999465942383,1423000,23.975000381469727,23.895000457763672,20.417930603027344
07-12-2007,23.8799991607666,23.899999618530277,1142800,24.229999542236328,24.040000915527344,20.541841506958008
10-12-2007,23.82999992370605,24.059999465942383,953600,24.165000915527344,24.145000457763672,20.631555557250977
11-12-2007,23.979999542236328,24.155000686645508,2237200,24.625,24.149999618530277,20.63582420349121
12-12-2007,24.165000915527344,24.545000076293945,1540600,24.575000762939453,24.38999938964844,20.840909957885746
13-12-2007,24.225000381469727,24.3700008392334,1140800,24.46999931335449,24.424999237060547,20.87080955505371
14-12-2007,22.700000762939453,22.700000762939453,2000200,24.040000915527344,23.665000915527344,20.22140121459961
17-12-2007,23.2450008392334,23.875,1929400,24.395000457763672,23.280000686645508,19.892423629760746
18-12-2007,22.94499969482422,23.40999984741211,1284200,23.440000534057617,23.32999992370605,19.935152053833008
19-12-2007,22.899999618530277,23.100000381469727,915600,23.225000381469727,22.9950008392334,19.648895263671875
20-12-2007,22.975000381469727,23.075000762939453,1267800,23.4950008392334,23.4950008392334,20.07613945007324
21-12-2007,25.0,25.155000686645508,9782000,27.290000915527344,26.545000076293945,22.68231773376465
24-12-2007,25.405000686645508,25.645000457763672,1380400,26.46500015258789,26.2549991607666,22.43452262878418
26-12-2007,25.895000457763672,25.895000457763672,1079400,26.545000076293945,26.424999237060547,22.57977867126465
27-12-2007,26.149999618530277,26.405000686645508,852600,26.5,26.155000686645508,22.349071502685547
28-12-2007,25.905000686645508,26.0,860800,26.5,26.274999618530277,22.45160675048828
31-12-2007,26.170000076293945,26.26000022888184,1004800,26.375,26.26499938964844,22.44306755065918
02-01-2008,25.209999084472656,25.459999084472656,2022400,25.895000457763672,25.655000686645508,21.921825408935547
03-01-2008,25.174999237060547,25.25,1958800,26.209999084472656,25.5049991607666,21.793651580810547
04-01-2008,24.700000762939453,25.21999931335449,2288200,25.239999771118164,24.774999618530277,21.16987609863281
07-01-2008,23.799999237060547,24.834999084472656,2186400,24.834999084472656,24.334999084472656,20.79391288757324
08-01-2008,24.375,24.46500015258789,1395000,25.024999618530277,24.489999771118164,20.926349639892575
09-01-2008,24.06999969482422,24.489999771118164,1227000,24.71500015258789,24.65999984741211,21.071609497070312
10-01-2008,24.540000915527344,24.614999771118164,895600,25.0,24.84000015258789,21.225419998168945
11-01-2008,24.34499931335449,24.51499938964844,931600,24.729999542236328,24.59000015258789,21.01180076599121
14-01-2008,24.440000534057617,24.709999084472656,775400,24.80500030517578,24.71999931335449,21.122882843017575
15-01-2008,24.239999771118164,24.5,1021800,24.670000076293945,24.459999084472656,20.900718688964844
16-01-2008,24.190000534057617,24.26499938964844,1465200,24.65999984741211,24.325000762939453,20.78536605834961
17-01-2008,23.895000457763672,24.375,1103600,24.46999931335449,23.895000457763672,20.417930603027344
18-01-2008,22.940000534057617,23.899999618530277,1682400,23.899999618530277,23.045000076293945,19.69161796569824
22-01-2008,21.149999618530277,22.075000762939453,1590800,23.59000015258789,22.809999465942383,19.490816116333008
23-01-2008,21.8799991607666,22.100000381469727,1211400,22.84000015258789,22.71999931335449,19.41390991210937
24-01-2008,22.46500015258789,22.65999984741211,1015200,23.145000457763672,22.71999931335449,19.41390991210937
25-01-2008,22.614999771118164,22.93000030517578,1247000,23.030000686645508,22.71500015258789,19.409637451171875
28-01-2008,22.63500022888184,22.795000076293945,1358000,23.174999237060547,23.1200008392334,19.75570297241211
29-01-2008,23.149999618530277,23.325000762939453,708200,23.63999938964844,23.25,19.86679077148437
30-01-2008,22.729999542236328,22.924999237060547,1011000,23.01499938964844,22.729999542236328,19.42245864868164
31-01-2008,22.350000381469727,22.440000534057617,1226800,23.440000534057617,23.225000381469727,19.84542655944824
01-02-2008,23.25,23.36000061035156,1361600,23.920000076293945,23.725000381469727,20.272668838500977
04-02-2008,23.239999771118164,23.489999771118164,847600,23.65999984741211,23.295000076293945,19.905242919921875
05-02-2008,22.299999237060547,22.799999237060547,1625400,22.9950008392334,22.334999084472656,19.084938049316406
06-02-2008,21.665000915527344,22.40999984741211,2007200,22.434999465942383,22.13500022888184,18.914045333862305
07-02-2008,21.934999465942383,22.075000762939453,1927800,22.450000762939453,22.165000915527344,18.939674377441406
08-02-2008,20.625,20.864999771118164,5364400,22.38999938964844,21.68000030517578,18.525245666503903
11-02-2008,21.03499984741211,21.5049991607666,1674400,21.73500061035156,21.424999237060547,18.307355880737305
12-02-2008,20.8700008392334,21.045000076293945,2042200,21.399999618530277,21.2450008392334,18.153549194335938
13-02-2008,21.059999465942383,21.3799991607666,1417600,21.489999771118164,21.09499931335449,18.025375366210938
14-02-2008,20.854999542236328,21.5,1311400,21.5,20.8799991607666,17.841659545898438
15-02-2008,20.71500015258789,20.825000762939453,862800,21.06999969482422,20.75,17.730573654174805
19-02-2008,20.725000381469727,20.934999465942383,1479800,21.0,20.834999084472656,17.80320167541504
20-02-2008,20.31999969482422,20.40999984741211,1627400,20.98500061035156,20.934999465942383,17.88865852355957
21-02-2008,20.434999465942383,20.8700008392334,1138000,20.8700008392334,20.475000381469727,17.495595932006836
22-02-2008,20.239999771118164,20.399999618530277,1020400,20.59000015258789,20.53499984741211,17.54686737060547
25-02-2008,20.21500015258789,20.46999931335449,1526800,20.864999771118164,20.575000762939453,17.581037521362305
26-02-2008,20.440000534057617,20.549999237060547,2364600,20.93000030517578,20.799999237060547,17.773300170898438
27-02-2008,20.75,20.850000381469727,1106600,21.540000915527344,21.270000457763672,18.174909591674805
28-02-2008,20.875,21.045000076293945,744400,21.209999084472656,21.0049991607666,17.948463439941406
29-02-2008,20.170000076293945,20.7450008392334,1411600,20.7450008392334,20.2450008392334,17.299057006835938
03-03-2008,20.239999771118164,20.239999771118164,998600,20.600000381469727,20.5,17.516952514648438
04-03-2008,20.25,20.2549991607666,880000,20.565000534057617,20.354999542236328,17.393054962158203
05-03-2008,20.15999984741211,20.354999542236328,1063800,20.489999771118164,20.200000762939453,17.260610580444336
06-03-2008,19.875,20.1299991607666,1062000,20.3799991607666,19.90999984741211,17.0128116607666
07-03-2008,19.649999618530277,19.774999618530277,1086600,20.020000457763672,19.7549991607666,16.88036346435547
10-03-2008,19.549999237060547,19.854999542236328,866600,19.940000534057617,19.600000381469727,16.747915267944336
11-03-2008,19.63500022888184,19.934999465942383,1541400,20.174999237060547,20.13999938964844,17.20933723449707
12-03-2008,20.209999084472656,20.209999084472656,1288600,20.7549991607666,20.334999084472656,17.375957489013672
13-03-2008,20.295000076293945,20.395000457763672,1587200,20.905000686645508,20.7549991607666,17.734846115112305
14-03-2008,20.799999237060547,21.23500061035156,2723400,21.434999465942383,20.94499969482422,17.897201538085938
17-03-2008,19.795000076293945,20.540000915527344,1888400,20.56999969482422,19.934999465942383,17.034164428710938
18-03-2008,20.059999465942383,20.21500015258789,1664800,21.2549991607666,21.114999771118164,18.042457580566406
19-03-2008,20.75,21.26000022888184,734200,21.459999084472656,20.76000022888184,17.739118576049805
20-03-2008,20.36000061035156,20.674999237060547,1069400,20.84000015258789,20.84000015258789,17.807479858398438
24-03-2008,20.73500061035156,20.84000015258789,1069600,21.13500022888184,20.84499931335449,17.811758041381836
25-03-2008,20.655000686645508,20.809999465942383,1165800,21.375,21.170000076293945,18.08946228027344
26-03-2008,20.45499992370605,20.75,1263200,20.84499931335449,20.739999771118164,17.722034454345703
27-03-2008,20.520000457763672,20.59499931335449,1367000,20.81999969482422,20.725000381469727,17.70922088623047
28-03-2008,20.864999771118164,21.61000061035156,1125600,21.61000061035156,21.01000022888184,17.95273780822754
31-03-2008,20.565000534057617,20.875,1302000,21.13500022888184,21.09000015258789,18.021100997924805
01-04-2008,21.155000686645508,21.23500061035156,984400,21.84000015258789,21.790000915527344,18.61924171447754
02-04-2008,21.524999618530277,21.645000457763672,956400,22.07999992370605,21.84499931335449,18.66623878479004
03-04-2008,21.98500061035156,21.98500061035156,1313000,22.575000762939453,22.375,19.119112014770508
04-04-2008,22.28499984741211,22.3700008392334,989400,22.665000915527344,22.57999992370605,19.294282913208008
07-04-2008,22.450000762939453,22.75,560000,22.82999992370605,22.65999984741211,19.36264419555664
08-04-2008,22.28499984741211,22.63999938964844,689600,22.68000030517578,22.530000686645508,19.25155258178711
09-04-2008,22.114999771118164,22.604999542236328,599400,22.729999542236328,22.190000534057617,18.96102905273437
10-04-2008,21.415000915527344,21.90999984741211,2178200,22.18000030517578,21.655000686645508,18.503887176513672
11-04-2008,21.0,21.2450008392334,1360600,21.420000076293945,21.155000686645508,18.076642990112305
14-04-2008,20.280000686645508,21.03499984741211,1592000,21.06999969482422,21.024999618530277,17.965560913085938
15-04-2008,20.93000030517578,20.975000381469727,1833400,21.325000762939453,21.125,18.051008224487305
16-04-2008,21.149999618530277,21.270000457763672,1286800,21.48500061035156,21.229999542236328,18.14072799682617
17-04-2008,21.0,21.125,2667400,21.309999465942383,21.170000076293945,18.08946228027344
18-04-2008,21.05500030517578,21.309999465942383,1155000,21.48500061035156,21.174999237060547,18.09372901916504
21-04-2008,20.84000015258789,21.01499938964844,1350600,21.114999771118164,21.075000762939453,18.008285522460938
22-04-2008,20.86000061035156,21.0,1055800,21.084999084472656,21.0049991607666,17.948463439941406
23-04-2008,20.924999237060547,21.07999992370605,705800,21.32999992370605,21.09499931335449,18.025375366210938
24-04-2008,21.0,21.06999969482422,922000,21.434999465942383,21.1200008392334,18.046735763549805
25-04-2008,20.905000686645508,21.334999084472656,692600,21.334999084472656,21.145000457763672,18.068090438842773
28-04-2008,21.01499938964844,21.11000061035156,1194400,21.57999992370605,21.475000381469727,18.350080490112305
29-04-2008,21.229999542236328,21.395000457763672,1033400,21.78499984741211,21.700000762939453,18.54232788085937
30-04-2008,21.40999984741211,21.61000061035156,1221400,21.78499984741211,21.559999465942383,18.42270851135254
01-05-2008,20.899999618530277,21.239999771118164,1499200,21.290000915527344,21.0,17.94419288635254
02-05-2008,20.690000534057617,21.225000381469727,2884800,21.770000457763672,20.75,17.730573654174805
05-05-2008,19.799999237060547,20.649999618530277,2888200,20.700000762939453,20.0,17.0897159576416
06-05-2008,19.80500030517578,19.905000686645508,1356800,20.38500022888184,20.3700008392334,17.405874252319336
07-05-2008,20.075000762939453,20.26499938964844,1141400,20.424999237060547,20.165000915527344,17.23070526123047
08-05-2008,20.0,20.149999618530277,596800,20.239999771118164,20.09499931335449,17.17088508605957
09-05-2008,19.799999237060547,19.86000061035156,756000,20.364999771118164,20.13999938964844,17.20933723449707
12-05-2008,20.0,20.165000915527344,732000,20.540000915527344,20.354999542236328,17.393054962158203
13-05-2008,19.98500061035156,20.325000762939453,884400,20.545000076293945,20.46500015258789,17.48705291748047
14-05-2008,20.59000015258789,20.59000015258789,679200,20.950000762939453,20.725000381469727,17.70922088623047
15-05-2008,20.145000457763672,20.575000762939453,957200,20.59499931335449,20.420000076293945,17.448593139648438
16-05-2008,20.299999237060547,20.524999618530277,736000,20.6200008392334,20.540000915527344,17.551130294799805
19-05-2008,20.299999237060547,20.5,560200,20.75,20.59000015258789,17.593856811523438
20-05-2008,20.315000534057617,20.45499992370605,796600,20.475000381469727,20.46500015258789,17.48705291748047
21-05-2008,20.399999618530277,20.5,914000,20.899999618530277,20.399999618530277,17.431509017944336
22-05-2008,19.895000457763672,20.045000076293945,1175200,20.23500061035156,20.01000022888184,17.098255157470703
23-05-2008,19.8799991607666,20.01499938964844,1106600,20.06999969482422,19.924999237060547,17.025619506835938
27-05-2008,19.170000076293945,19.549999237060547,1949400,19.549999237060547,19.5,16.662466049194336
28-05-2008,19.1299991607666,19.325000762939453,1684000,19.59499931335449,19.51499938964844,16.67528533935547
29-05-2008,19.405000686645508,19.44499969482422,920600,20.024999618530277,19.700000762939453,16.833362579345703
30-05-2008,19.51000022888184,19.625,1177600,19.71999931335449,19.69499969482422,16.82909393310547
02-06-2008,19.07999992370605,19.239999771118164,1579400,19.395000457763672,19.315000534057617,16.5043888092041
03-06-2008,19.19499969482422,19.274999618530277,1295200,19.5049991607666,19.399999618530277,16.577014923095703
04-06-2008,19.299999237060547,19.299999237060547,1544000,20.024999618530277,19.815000534057617,16.93162727355957
05-06-2008,19.82999992370605,19.924999237060547,910800,20.364999771118164,20.25,17.303335189819336
06-06-2008,19.8700008392334,20.059999465942383,1337400,20.46500015258789,20.325000762939453,17.367420196533203
09-06-2008,19.815000534057617,20.424999237060547,858200,20.479999542236328,20.01000022888184,17.098255157470703
10-06-2008,19.270000457763672,19.475000381469727,1642600,19.600000381469727,19.399999618530277,16.577014923095703
11-06-2008,19.315000534057617,19.399999618530277,1012800,19.690000534057617,19.364999771118164,16.5471134185791
12-06-2008,19.100000381469727,19.2450008392334,1346200,19.670000076293945,19.100000381469727,16.320676803588867
13-06-2008,19.049999237060547,19.11000061035156,1285800,19.315000534057617,19.13999938964844,16.3548526763916
16-06-2008,18.6299991607666,18.94499969482422,1090200,19.100000381469727,19.0,16.2352237701416
17-06-2008,18.26000022888184,18.774999618530277,2127200,18.774999618530277,18.309999465942383,15.645630836486816
18-06-2008,17.725000381469727,17.950000762939453,2068000,18.25,17.905000686645508,15.299560546875
19-06-2008,17.5,17.549999237060547,2164400,18.065000534057617,17.84000015258789,15.244012832641602
20-06-2008,17.549999237060547,17.760000228881836,2143200,17.825000762939453,17.579999923706055,15.021857261657717
23-06-2008,17.354999542236328,17.545000076293945,4766000,17.80500030517578,17.415000915527344,14.880867004394531
24-06-2008,16.78499984741211,17.149999618530273,3925200,17.239999771118164,17.094999313354492,14.60743236541748
25-06-2008,16.725000381469727,16.915000915527344,2909800,17.450000762939453,17.264999389648438,14.752690315246582
26-06-2008,17.145000457763672,17.149999618530273,2077600,17.59000015258789,17.2549991607666,14.744144439697266
27-06-2008,17.190000534057617,17.190000534057617,1326800,17.594999313354492,17.5,14.953495025634766
30-06-2008,17.350000381469727,17.53499984741211,2678800,18.295000076293945,17.8700008392334,15.2696533203125
01-07-2008,17.815000534057617,17.815000534057617,5822200,20.09000015258789,19.155000686645508,16.367664337158203
02-07-2008,19.030000686645508,19.200000762939453,2901800,19.46999931335449,19.03499984741211,16.265132904052734
03-07-2008,19.030000686645508,19.23500061035156,1199200,19.45499992370605,19.40999984741211,16.5855655670166
07-07-2008,18.450000762939453,19.25,1860200,19.375,18.774999618530277,16.04296875
08-07-2008,18.674999237060547,18.674999237060547,2186600,19.145000457763672,19.07999992370605,16.30358123779297
09-07-2008,18.81999969482422,19.20499992370605,1284400,19.5,18.940000534057617,16.18395233154297
10-07-2008,18.76000022888184,18.989999771118164,1052000,19.44499969482422,18.96999931335449,16.2095890045166
11-07-2008,18.549999237060547,18.8700008392334,761600,19.049999237060547,18.875,16.128414154052734
14-07-2008,17.565000534057617,17.760000228881836,3187400,18.34499931335449,18.114999771118164,15.47900104522705
15-07-2008,17.760000228881836,17.94499969482422,1963400,18.049999237060547,17.860000610351562,15.2611083984375
16-07-2008,17.6200008392334,17.844999313354492,1505000,17.9950008392334,17.764999389648438,15.179929733276367
17-07-2008,17.639999389648438,17.764999389648438,1974000,18.34000015258789,17.850000381469727,15.252568244934082
18-07-2008,17.56999969482422,17.684999465942383,1362400,18.065000534057617,18.010000228881836,15.389284133911133
21-07-2008,18.20499992370605,18.20499992370605,1420800,18.82999992370605,18.5,15.807989120483398
22-07-2008,17.760000228881836,18.38999938964844,1558000,18.424999237060547,18.11000061035156,15.47473430633545
23-07-2008,18.165000915527344,18.18000030517578,1215800,18.575000762939453,18.479999542236328,15.790892601013184
24-07-2008,18.5049991607666,18.649999618530277,1050400,19.19499969482422,18.559999465942383,15.859258651733398
25-07-2008,18.354999542236328,18.530000686645508,1709800,18.75,18.45499992370605,15.769532203674316
28-07-2008,18.424999237060547,18.649999618530277,1797200,18.905000686645508,18.5,15.807989120483398
29-07-2008,18.5,18.5,1318200,18.96999931335449,18.905000686645508,16.154043197631836
30-07-2008,18.614999771118164,18.905000686645508,860000,19.149999618530277,18.825000762939453,16.085689544677734
31-07-2008,18.75,18.770000457763672,1376000,19.325000762939453,18.90999984741211,16.158321380615234
01-08-2008,18.665000915527344,18.82999992370605,1211000,19.045000076293945,18.670000076293945,15.953246116638184
04-08-2008,18.40999984741211,18.709999084472656,1254400,18.80500030517578,18.665000915527344,15.948975563049316
05-08-2008,18.614999771118164,18.8700008392334,1084800,19.26000022888184,19.125,16.342037200927734
06-08-2008,20.834999084472656,20.834999084472656,7189800,22.104999542236328,21.545000076293945,18.409893035888672
07-08-2008,21.09000015258789,21.415000915527344,4264000,22.76499938964844,22.309999465942383,19.063570022583008
08-08-2008,21.774999618530277,21.979999542236328,2077400,22.239999771118164,22.18000030517578,18.95248413085937
11-08-2008,21.81999969482422,22.0,1299200,22.34000015258789,22.145000457763672,18.92258071899414
12-08-2008,22.11000061035156,22.18000030517578,1283600,22.36000061035156,22.225000381469727,18.99094009399414
13-08-2008,21.905000686645508,22.0,1398600,22.364999771118164,22.334999084472656,19.084938049316406
14-08-2008,21.565000534057617,22.09000015258789,1179000,22.450000762939453,22.295000076293945,19.050752639770508
15-08-2008,21.729999542236328,21.850000381469727,1606800,22.200000762939453,22.01000022888184,18.80722999572754
18-08-2008,21.98500061035156,22.125,1114600,22.25,22.1299991607666,18.90976905822754
19-08-2008,21.96500015258789,22.049999237060547,799000,22.20499992370605,22.100000381469727,18.88413429260254
20-08-2008,21.600000381469727,22.100000381469727,720400,22.100000381469727,21.725000381469727,18.563695907592773
21-08-2008,21.63500022888184,21.674999237060547,700200,21.96999931335449,21.899999618530277,18.71323013305664
22-08-2008,21.80500030517578,21.905000686645508,1356200,22.53499984741211,22.440000534057617,19.17465591430664
25-08-2008,22.270000457763672,22.364999771118164,1559600,22.700000762939453,22.584999084472656,19.298553466796875
26-08-2008,22.38500022888184,22.565000534057617,1737200,23.024999618530277,22.934999465942383,19.59762954711914
27-08-2008,22.65999984741211,22.65999984741211,1753400,25.290000915527344,23.354999542236328,19.956504821777344
28-08-2008,23.364999771118164,23.459999084472656,1038800,23.68000030517578,23.56999969482422,20.14022445678711
29-08-2008,23.270000457763672,23.53499984741211,1935800,23.6299991607666,23.399999618530277,19.994966506958008
02-09-2008,22.604999542236328,22.86000061035156,2756800,23.545000076293945,23.190000534057617,19.815519332885746
03-09-2008,22.604999542236328,23.049999237060547,1524000,23.049999237060547,22.76499938964844,19.452367782592773
04-09-2008,22.34499931335449,22.71999931335449,1263800,22.71999931335449,22.40999984741211,19.149023056030277
05-09-2008,21.78499984741211,22.30500030517578,1227600,22.350000381469727,22.200000762939453,18.96957397460937
08-09-2008,22.280000686645508,22.59499931335449,1233800,22.84499931335449,22.61000061035156,19.31991577148437
09-09-2008,22.475000381469727,22.475000381469727,1456600,23.125,22.76000022888184,19.448087692260746
10-09-2008,22.55500030517578,22.864999771118164,1021600,23.05500030517578,22.905000686645508,19.57199478149414
11-09-2008,22.44499969482422,22.61000061035156,1704600,23.540000915527344,23.4950008392334,20.07613945007324
12-09-2008,23.165000915527344,23.524999618530277,1629600,24.030000686645508,23.989999771118164,20.49911499023437
15-09-2008,23.024999618530277,23.26499938964844,2211200,23.95499992370605,23.70499992370605,20.25558280944824
16-09-2008,22.38999938964844,23.415000915527344,2187400,24.0,23.700000762939453,20.251314163208008
17-09-2008,22.780000686645508,23.309999465942383,1821000,23.44499969482422,22.924999237060547,19.589082717895508
18-09-2008,22.239999771118164,23.26000022888184,3373200,23.26000022888184,22.90999984741211,19.576265335083008
19-09-2008,21.2450008392334,23.364999771118164,2713400,23.450000762939453,22.95499992370605,19.61471939086914
22-09-2008,22.375,22.75,980200,23.325000762939453,22.48500061035156,19.21310806274414
23-09-2008,22.21999931335449,22.450000762939453,907000,22.78499984741211,22.32999992370605,19.080663681030277
24-09-2008,22.104999542236328,22.30500030517578,662800,22.799999237060547,22.700000762939453,19.39682006835937
25-09-2008,22.520000457763672,22.81999969482422,831800,23.0,22.795000076293945,19.478002548217773
26-09-2008,22.354999542236328,22.43000030517578,1243600,22.700000762939453,22.530000686645508,19.25155258178711
29-09-2008,21.049999237060547,22.280000686645508,3036600,22.290000915527344,21.165000915527344,18.085186004638672
30-09-2008,21.09499931335449,21.424999237060547,3019800,21.584999084472656,21.5,18.371442794799805
01-10-2008,21.25,21.44499969482422,1228600,21.674999237060547,21.674999237060547,18.520971298217773
02-10-2008,21.2549991607666,21.575000762939453,1843000,21.575000762939453,21.395000457763672,18.281723022460938
03-10-2008,21.2450008392334,21.25,1589800,21.959999084472656,21.420000076293945,18.30308532714844
06-10-2008,19.30500030517578,20.895000457763672,1618800,20.94499969482422,20.190000534057617,17.25206756591797
07-10-2008,19.290000915527344,19.950000762939453,1585000,20.030000686645508,19.46500015258789,16.632556915283203
08-10-2008,18.0,19.030000686645508,4487400,19.03499984741211,18.53499984741211,15.837892532348633
09-10-2008,17.649999618530273,18.700000762939453,1367000,18.959999084472656,17.889999389648438,15.286751747131348
10-10-2008,15.539999961853027,17.360000610351562,3612000,17.424999237060547,16.950000762939453,14.483532905578612
13-10-2008,17.25,17.25,2697600,18.325000762939453,18.270000457763672,15.611452102661133
14-10-2008,18.010000228881836,18.90999984741211,2032600,19.024999618530277,18.174999237060547,15.53027629852295
15-10-2008,17.549999237060547,17.895000457763672,3518400,18.36000061035156,17.725000381469727,15.145756721496582
16-10-2008,15.619999885559082,17.520000457763672,2945000,17.520000457763672,17.28499984741211,14.769782066345217
17-10-2008,16.790000915527344,17.010000228881836,1332600,18.1299991607666,17.709999084472656,15.13293743133545
20-10-2008,17.625,17.78499984741211,1514400,18.295000076293945,18.209999084472656,15.5601806640625
21-10-2008,17.4950008392334,17.90999984741211,1275600,18.07999992370605,17.53499984741211,14.983407974243164
22-10-2008,17.079999923706055,17.28499984741211,1243800,17.725000381469727,17.28499984741211,14.769782066345217
23-10-2008,16.229999542236328,17.395000457763672,1244400,17.565000534057617,16.764999389648438,14.325448036193848
24-10-2008,15.005000114440918,15.545000076293944,1754000,16.079999923706055,15.734999656677246,13.445330619812012
27-10-2008,14.914999961853027,15.5,1078600,15.5600004196167,14.914999961853027,12.74465274810791
28-10-2008,14.449999809265137,15.135000228881836,901400,15.75,15.729999542236328,13.441059112548828
29-10-2008,15.710000038146973,15.710000038146973,1611400,16.844999313354492,16.31999969482422,13.945204734802246
30-10-2008,16.3799991607666,16.3799991607666,838000,17.079999923706055,16.979999542236328,14.509161949157717
31-10-2008,16.645000457763672,16.96500015258789,928800,17.329999923706055,17.1299991607666,14.637332916259766
03-11-2008,17.155000686645508,17.155000686645508,926400,18.045000076293945,17.950000762939453,15.338018417358398
04-11-2008,17.84000015258789,18.3799991607666,1366200,18.395000457763672,18.25,15.594362258911133
05-11-2008,17.665000915527344,18.1299991607666,1347200,18.2450008392334,17.860000610351562,15.2611083984375
06-11-2008,16.209999084472656,17.799999237060547,1079400,17.860000610351562,16.209999084472656,13.851210594177246
07-11-2008,16.780000686645508,16.780000686645508,2635200,18.274999618530277,17.829999923706055,15.235474586486816
10-11-2008,17.295000076293945,18.18000030517578,1171600,18.915000915527344,17.46500015258789,14.923591613769531
11-11-2008,17.079999923706055,17.3799991607666,566400,17.649999618530273,17.420000076293945,14.88514232635498
12-11-2008,16.3700008392334,17.28499984741211,615600,17.28499984741211,16.46500015258789,14.069103240966797
13-11-2008,16.075000762939453,16.510000228881836,1324000,18.09499931335449,18.09499931335449,15.46191692352295
14-11-2008,17.059999465942383,17.844999313354492,736400,18.0,17.165000915527344,14.667245864868164
17-11-2008,16.924999237060547,17.09000015258789,1242800,17.7450008392334,17.540000915527344,14.987676620483398
18-11-2008,17.190000534057617,17.3799991607666,1376000,17.93000030517578,17.93000030517578,15.320932388305664
19-11-2008,17.059999465942383,17.78499984741211,1549800,18.075000762939453,17.065000534057617,14.581799507141112
20-11-2008,15.454999923706056,16.875,1812400,17.06999969482422,15.520000457763672,13.261614799499512
21-11-2008,15.265000343322754,15.914999961853027,2366200,16.674999237060547,16.5049991607666,14.10328483581543
24-11-2008,16.3700008392334,16.649999618530273,1201800,17.545000076293945,17.299999237060547,14.782597541809082
25-11-2008,16.854999542236328,17.389999389648438,3384000,17.729999542236328,16.854999542236328,14.402356147766112
26-11-2008,16.46500015258789,16.545000076293945,1443200,17.670000076293945,17.670000076293945,15.098758697509766
28-11-2008,17.6200008392334,17.6200008392334,483200,18.190000534057617,18.170000076293945,15.526002883911133
01-12-2008,16.670000076293945,17.530000686645508,1232800,17.639999389648438,16.7549991607666,14.316906929016112
02-12-2008,16.674999237060547,16.959999084472656,1228800,17.434999465942383,17.399999618530273,14.868050575256348
03-12-2008,16.8700008392334,16.975000381469727,1140600,18.100000381469727,18.07999992370605,15.449105262756348
04-12-2008,17.344999313354492,18.28499984741211,943800,18.36000061035156,17.655000686645508,15.085941314697266
05-12-2008,17.149999618530273,17.454999923706055,930400,18.7450008392334,18.5049991607666,15.812254905700684
08-12-2008,18.174999237060547,18.80500030517578,1447000,18.96999931335449,18.475000381469727,15.786616325378418
09-12-2008,17.844999313354492,18.295000076293945,1156000,18.489999771118164,17.844999313354492,15.248294830322266
10-12-2008,17.46500015258789,18.09000015258789,1141200,18.274999618530277,17.69499969482422,15.120121002197266
11-12-2008,17.540000915527344,17.71500015258789,1192000,18.450000762939453,17.899999618530273,15.295287132263184
12-12-2008,17.264999389648438,17.559999465942383,855800,18.295000076293945,18.239999771118164,15.585819244384766
15-12-2008,17.549999237060547,18.364999771118164,948000,18.475000381469727,17.809999465942383,15.218388557434082
16-12-2008,17.684999465942383,18.03499984741211,1377000,18.979999542236328,18.8799991607666,16.1326904296875
17-12-2008,18.43000030517578,18.6299991607666,1794000,18.864999771118164,18.59499931335449,15.889159202575684
18-12-2008,17.44499969482422,18.565000534057617,2346400,18.665000915527344,17.8700008392334,15.2696533203125
19-12-2008,17.645000457763672,18.024999618530277,1818400,18.334999084472656,17.704999923706055,15.12866497039795
22-12-2008,17.5,17.729999542236328,1336600,17.985000610351562,17.985000610351562,15.367927551269531
23-12-2008,17.479999542236328,18.020000457763672,1451600,18.174999237060547,17.4950008392334,14.94922924041748
24-12-2008,17.440000534057617,17.6299991607666,754200,17.9950008392334,17.860000610351562,15.2611083984375
26-12-2008,17.704999923706055,17.84000015258789,849200,17.93000030517578,17.885000228881836,15.282476425170898
29-12-2008,17.530000686645508,17.940000534057617,940400,17.940000534057617,17.69499969482422,15.120121002197266
30-12-2008,17.65999984741211,17.84000015258789,1025400,18.21500015258789,18.18000030517578,15.53454875946045
31-12-2008,18.25,18.25,1152400,18.8700008392334,18.739999771118164,16.0130558013916
02-01-2009,18.6299991607666,18.81999969482422,740800,19.274999618530277,19.190000534057617,16.3975830078125
05-01-2009,18.63500022888184,19.1299991607666,632200,19.26000022888184,18.905000686645508,16.154043197631836
06-01-2009,18.71999931335449,19.045000076293945,1413600,19.34000015258789,18.73500061035156,16.0087890625
07-01-2009,17.934999465942383,18.174999237060547,3454800,18.584999084472656,18.280000686645508,15.619996070861816
08-01-2009,18.125,18.26499938964844,1232400,18.450000762939453,18.299999237060547,15.637083053588867
09-01-2009,17.809999465942383,18.34000015258789,973400,18.3700008392334,18.209999084472656,15.5601806640625
12-01-2009,18.049999237060547,18.174999237060547,821600,18.489999771118164,18.280000686645508,15.619996070861816
13-01-2009,17.985000610351562,17.989999771118164,2008800,18.850000381469727,18.799999237060547,16.064327239990234
14-01-2009,18.780000686645508,18.780000686645508,1457600,19.225000381469727,19.049999237060547,16.2779483795166
15-01-2009,18.670000076293945,18.690000534057617,1050000,19.274999618530277,19.21500015258789,16.4189453125
16-01-2009,19.125,19.200000762939453,1132600,19.559999465942383,19.405000686645508,16.5812931060791
20-01-2009,18.86000061035156,19.21500015258789,1165800,19.440000534057617,18.899999618530277,16.149776458740234
21-01-2009,18.8700008392334,19.03499984741211,1241000,19.655000686645508,19.604999542236328,16.752187728881836
22-01-2009,19.1299991607666,19.274999618530277,1308000,19.76000022888184,19.565000534057617,16.718008041381836
23-01-2009,18.915000915527344,19.21999931335449,1057800,19.584999084472656,19.53499984741211,16.69237518310547
26-01-2009,19.53499984741211,19.655000686645508,1178200,20.2450008392334,20.0,17.0897159576416
27-01-2009,19.825000762939453,20.065000534057617,1477600,20.604999542236328,20.489999771118164,17.50840950012207
28-01-2009,20.440000534057617,20.709999084472656,1362000,20.80500030517578,20.63999938964844,17.63658332824707
29-01-2009,20.049999237060547,20.38500022888184,1205200,20.420000076293945,20.174999237060547,17.23924446105957
30-01-2009,19.475000381469727,20.13500022888184,1095600,20.354999542236328,19.950000762939453,17.046987533569336
02-02-2009,19.549999237060547,19.655000686645508,1475000,20.045000076293945,19.96999931335449,17.064083099365234
03-02-2009,19.625,20.09000015258789,1217200,20.63999938964844,20.604999542236328,17.606670379638672
04-02-2009,19.9950008392334,20.270000457763672,1382000,20.71999931335449,20.229999542236328,17.286239624023438
05-02-2009,19.809999465942383,20.020000457763672,1867200,20.450000762939453,20.09499931335449,17.17088508605957
06-02-2009,21.040000915527344,21.07999992370605,3268600,21.7450008392334,21.405000686645508,18.29026222229004
09-02-2009,19.61000061035156,20.114999771118164,2192000,20.86000061035156,20.65999984741211,17.653663635253906
10-02-2009,20.13500022888184,20.5049991607666,2267400,20.68000030517578,20.36000061035156,17.397327423095703
11-02-2009,20.55500030517578,20.670000076293945,1287400,21.1200008392334,20.975000381469727,17.92283058166504
12-02-2009,20.71500015258789,20.725000381469727,1063800,21.34000015258789,21.270000457763672,18.174909591674805
13-02-2009,21.07999992370605,21.21999931335449,1099000,21.48500061035156,21.2549991607666,18.162094116210938
17-02-2009,20.545000076293945,20.8700008392334,1304800,21.28499984741211,21.01000022888184,17.95273780822754
18-02-2009,20.114999771118164,21.174999237060547,1396600,21.174999237060547,20.475000381469727,17.495595932006836
19-02-2009,20.325000762939453,20.584999084472656,1007200,20.790000915527344,20.540000915527344,17.551130294799805
20-02-2009,20.0,20.3700008392334,2612200,20.739999771118164,20.424999237060547,17.452871322631836
23-02-2009,20.075000762939453,20.729999542236328,1957400,20.729999542236328,20.21500015258789,17.273426055908203
24-02-2009,20.065000534057617,20.31999969482422,1063800,20.530000686645508,20.450000762939453,17.47422981262207
25-02-2009,19.690000534057617,20.3700008392334,1003600,20.489999771118164,19.86000061035156,16.970083236694336
26-02-2009,19.625,20.325000762939453,2234000,20.325000762939453,19.684999465942383,16.820552825927734
27-02-2009,18.420000076293945,19.03499984741211,2517600,19.34499931335449,18.440000534057617,15.756711959838867
02-03-2009,16.94499969482422,18.100000381469727,2880800,18.100000381469727,16.979999542236328,14.509161949157717
03-03-2009,17.170000076293945,17.225000381469727,2683400,17.94499969482422,17.760000228881836,15.175666809082031
04-03-2009,17.735000610351562,17.774999618530273,2333400,18.575000762939453,18.299999237060547,15.637083053588867
05-03-2009,17.354999542236328,18.03499984741211,2009800,18.104999542236328,17.469999313354492,14.927864074707031
06-03-2009,17.299999237060547,17.584999084472656,1907600,17.985000610351562,17.764999389648438,15.179929733276367
09-03-2009,16.6299991607666,17.764999389648438,2395600,17.780000686645508,17.0,14.526256561279297
10-03-2009,17.1200008392334,17.485000610351562,2260600,17.485000610351562,17.424999237060547,14.889413833618164
11-03-2009,17.174999237060547,17.44499969482422,1583000,17.59000015258789,17.264999389648438,14.752690315246582
12-03-2009,17.0,17.290000915527344,3600800,18.030000686645508,17.979999542236328,15.3636474609375
13-03-2009,17.5,18.19499969482422,2180000,18.280000686645508,18.065000534057617,15.436281204223633
16-03-2009,17.9950008392334,18.25,1607000,18.4950008392334,18.040000915527344,15.414922714233398
17-03-2009,16.204999923706055,17.424999237060547,8197600,17.5,16.84000015258789,14.389535903930664
18-03-2009,16.889999389648438,16.905000686645508,2829800,17.399999618530273,17.264999389648438,14.752690315246582
19-03-2009,16.71500015258789,17.434999465942383,2616600,17.44499969482422,16.854999542236328,14.402356147766112
20-03-2009,15.744999885559082,16.56999969482422,5138200,16.924999237060547,16.149999618530273,13.799943923950195
23-03-2009,16.350000381469727,16.614999771118164,2002400,16.885000228881836,16.84000015258789,14.389535903930664
24-03-2009,15.835000038146973,16.30500030517578,3038600,16.40999984741211,15.90999984741211,13.594866752624512
25-03-2009,16.03499984741211,16.309999465942383,4588600,16.420000076293945,16.399999618530273,14.013562202453612
26-03-2009,16.5049991607666,16.5049991607666,3922800,17.600000381469727,17.600000381469727,15.038946151733398
27-03-2009,17.290000915527344,17.290000915527344,1312000,17.71500015258789,17.5049991607666,14.95776653289795
30-03-2009,17.049999237060547,17.264999389648438,1349000,17.5,17.25,14.739875793457031
31-03-2009,17.459999084472656,18.200000762939453,2706000,18.2549991607666,17.670000076293945,15.098758697509766
01-04-2009,16.69499969482422,17.325000762939453,1988000,17.325000762939453,17.094999313354492,14.60743236541748
02-04-2009,17.375,17.760000228881836,2704000,17.875,17.440000534057617,14.902227401733398
03-04-2009,17.274999618530273,17.5,1317400,17.790000915527344,17.489999771118164,14.944950103759766
06-04-2009,17.204999923706055,17.354999542236328,967400,17.639999389648438,17.334999084472656,14.812503814697266
07-04-2009,17.125,17.260000228881836,1087400,17.594999313354492,17.334999084472656,14.812503814697266
08-04-2009,17.280000686645508,17.364999771118164,1264000,17.594999313354492,17.399999618530273,14.868050575256348
09-04-2009,17.625,17.71500015258789,1524000,17.875,17.829999923706055,15.235474586486816
13-04-2009,17.704999923706055,17.7450008392334,924000,18.170000076293945,18.09499931335449,15.46191692352295
14-04-2009,18.0,18.0,1283400,18.43000030517578,18.280000686645508,15.619996070861816
15-04-2009,18.114999771118164,18.26499938964844,1464200,18.815000534057617,18.44499969482422,15.760986328125
16-04-2009,18.459999084472656,18.625,1148200,18.815000534057617,18.674999237060547,15.957515716552734
17-04-2009,18.69499969482422,18.7450008392334,1373800,19.290000915527344,19.075000762939453,16.29930877685547
20-04-2009,18.295000076293945,18.809999465942383,2084200,19.100000381469727,18.63500022888184,15.923340797424316
21-04-2009,18.45499992370605,18.600000381469727,1676200,18.920000076293945,18.850000381469727,16.1070556640625
22-04-2009,18.46500015258789,18.649999618530277,1647600,19.059999465942383,18.950000762939453,16.19249725341797
23-04-2009,18.415000915527344,18.94499969482422,2368400,19.334999084472656,18.65999984741211,15.944704055786133
24-04-2009,18.399999618530277,18.71999931335449,846200,18.959999084472656,18.8799991607666,16.1326904296875
27-04-2009,18.540000915527344,18.670000076293945,953800,19.06999969482422,18.934999465942383,16.179685592651367
28-04-2009,18.71500015258789,18.73500061035156,887600,19.07999992370605,18.7450008392334,16.017332077026367
29-04-2009,18.80500030517578,18.915000915527344,1336600,19.364999771118164,19.21500015258789,16.4189453125
30-04-2009,19.040000915527344,19.415000915527344,1287400,19.729999542236328,19.225000381469727,16.4274845123291
01-05-2009,18.854999542236328,19.270000457763672,801400,19.375,19.030000686645508,16.260860443115234
04-05-2009,18.915000915527344,19.23500061035156,1317800,19.23500061035156,19.155000686645508,16.367664337158203
05-05-2009,18.739999771118164,19.09499931335449,1530800,19.26499938964844,19.2549991607666,16.453115463256836
06-05-2009,18.864999771118164,19.354999542236328,1357800,19.7549991607666,19.09000015258789,16.312131881713867
07-05-2009,19.32999992370605,19.489999771118164,1768600,19.665000915527344,19.4950008392334,16.6581974029541
08-05-2009,19.125,19.73500061035156,3063000,20.540000915527344,20.375,17.410140991210938
11-05-2009,19.71500015258789,20.0,1437200,20.09499931335449,19.924999237060547,17.025619506835938
12-05-2009,19.36000061035156,19.84000015258789,1357400,19.84000015258789,19.625,16.769277572631836
13-05-2009,19.270000457763672,19.5,1225000,19.71500015258789,19.36000061035156,16.5428409576416
14-05-2009,18.96500015258789,19.45499992370605,993400,19.4950008392334,19.19499969482422,16.40184783935547
15-05-2009,18.729999542236328,18.8799991607666,1729800,19.32999992370605,19.28499984741211,16.478750228881836
18-05-2009,19.145000457763672,19.38999938964844,1462200,19.56999969482422,19.420000076293945,16.594118118286133
19-05-2009,19.07999992370605,19.30500030517578,1342000,19.395000457763672,19.125,16.342037200927734
20-05-2009,18.8799991607666,19.26000022888184,1447600,19.295000076293945,18.940000534057617,16.18395233154297
21-05-2009,18.43000030517578,18.7450008392334,1945800,18.825000762939453,18.4950008392334,15.803709983825684
22-05-2009,18.57999992370605,18.729999542236328,1830800,18.959999084472656,18.61000061035156,15.90197467803955
26-05-2009,18.30500030517578,18.44499969482422,2539600,18.530000686645508,18.475000381469727,15.786616325378418
27-05-2009,18.25,18.399999618530277,1452800,18.565000534057617,18.26000022888184,15.6029052734375
28-05-2009,17.9950008392334,18.325000762939453,1180800,18.375,18.059999465942383,15.4320068359375
29-05-2009,18.01499938964844,18.28499984741211,1099400,18.53499984741211,18.53499984741211,15.837892532348633
01-06-2009,18.149999618530277,18.75,1319000,18.75,18.63500022888184,15.923340797424316
02-06-2009,18.450000762939453,18.524999618530277,1806200,19.420000076293945,19.325000762939453,16.512924194335938
03-06-2009,19.190000534057617,19.26000022888184,1401800,19.549999237060547,19.34499931335449,16.5300235748291
04-06-2009,18.655000686645508,19.325000762939453,2506800,19.43000030517578,19.145000457763672,16.359127044677734
05-06-2009,19.0049991607666,19.11000061035156,1075400,19.420000076293945,19.375,16.5556583404541
08-06-2009,18.959999084472656,19.38500022888184,1059800,19.38500022888184,19.23500061035156,16.43603515625
09-06-2009,19.125,19.229999542236328,543800,19.34499931335449,19.209999084472656,16.414663314819336
10-06-2009,19.05500030517578,19.5049991607666,702000,19.5049991607666,19.21500015258789,16.4189453125
11-06-2009,19.479999542236328,19.51000022888184,911200,19.81999969482422,19.674999237060547,16.812000274658203
12-06-2009,19.5049991607666,19.6299991607666,1292000,20.065000534057617,20.05500030517578,17.13671112060547
15-06-2009,19.565000534057617,19.854999542236328,1317200,19.854999542236328,19.78499984741211,16.905996322631836
16-06-2009,19.309999465942383,19.82999992370605,826800,19.8700008392334,19.440000534057617,16.611196517944336
17-06-2009,19.084999084472656,19.13500022888184,767000,19.924999237060547,19.70499992370605,16.837642669677734
18-06-2009,19.614999771118164,19.684999465942383,931600,20.020000457763672,19.88500022888184,16.99144744873047
19-06-2009,19.924999237060547,19.9950008392334,1043000,20.31999969482422,19.959999084472656,17.055530548095703
22-06-2009,19.290000915527344,19.84000015258789,1301400,19.899999618530277,19.399999618530277,16.577014923095703
23-06-2009,19.059999465942383,19.3799991607666,1314400,19.40999984741211,19.309999465942383,16.50011444091797
24-06-2009,19.2450008392334,19.424999237060547,1126400,19.78499984741211,19.600000381469727,16.747915267944336
25-06-2009,19.424999237060547,19.600000381469727,1550000,20.290000915527344,20.19499969482422,17.25634002685547
26-06-2009,20.100000381469727,20.184999465942383,1574400,20.604999542236328,20.559999465942383,17.568225860595703
29-06-2009,20.395000457763672,20.649999618530277,936200,20.815000534057617,20.780000686645508,17.756208419799805
30-06-2009,20.295000076293945,20.850000381469727,1075200,20.950000762939453,20.364999771118164,17.401599884033203
01-07-2009,19.780000686645508,20.364999771118164,2126800,20.479999542236328,20.19499969482422,17.25634002685547
02-07-2009,19.799999237060547,20.03499984741211,856600,20.11000061035156,19.809999465942383,16.927358627319336
06-07-2009,19.5,19.73500061035156,714800,19.8700008392334,19.63999938964844,16.782094955444336
07-07-2009,19.655000686645508,19.690000534057617,812600,19.979999542236328,19.774999618530277,16.897445678710938
08-07-2009,19.614999771118164,19.88999938964844,617000,19.88999938964844,19.73500061035156,16.8632755279541
09-07-2009,19.625,19.875,802600,20.0,19.84499931335449,16.957260131835938
10-07-2009,19.86000061035156,20.06999969482422,1073400,20.200000762939453,19.96500015258789,17.059804916381836
13-07-2009,19.690000534057617,20.024999618530277,2052600,20.174999237060547,19.850000381469727,16.96154022216797
14-07-2009,19.6299991607666,19.78499984741211,877800,19.959999084472656,19.93000030517578,17.029903411865234
15-07-2009,19.81999969482422,20.06999969482422,774200,20.06999969482422,19.940000534057617,17.038440704345703
16-07-2009,19.899999618530277,19.940000534057617,423000,20.299999237060547,20.25,17.303335189819336
17-07-2009,19.70499992370605,20.190000534057617,756800,20.21500015258789,19.809999465942383,16.927358627319336
20-07-2009,19.48500061035156,20.18000030517578,1369800,20.26499938964844,19.649999618530277,16.7906436920166
21-07-2009,19.524999618530277,19.770000457763672,668800,19.854999542236328,19.75,16.8760929107666
22-07-2009,19.68000030517578,19.915000915527344,1143600,20.184999465942383,19.709999084472656,16.841907501220703
23-07-2009,19.69499969482422,19.75,839600,20.239999771118164,19.795000076293945,16.914546966552734
24-07-2009,19.70499992370605,19.7549991607666,671000,19.90999984741211,19.90999984741211,17.0128116607666
27-07-2009,19.8799991607666,20.434999465942383,1151800,20.75,20.200000762939453,17.260610580444336
28-07-2009,19.959999084472656,20.0049991607666,785400,20.48500061035156,20.049999237060547,17.132442474365234
29-07-2009,19.8700008392334,19.8700008392334,771600,20.270000457763672,19.979999542236328,17.07261848449707
30-07-2009,20.040000915527344,20.059999465942383,842800,20.334999084472656,20.21999931335449,17.277700424194336
31-07-2009,20.1299991607666,20.149999618530277,1355800,20.55500030517578,20.5,17.516952514648438
03-08-2009,20.4950008392334,20.674999237060547,1514800,21.024999618530277,20.9950008392334,17.939931869506836
04-08-2009,20.915000915527344,21.020000457763672,926400,21.200000762939453,21.07999992370605,18.012554168701172
05-08-2009,21.09499931335449,21.100000381469727,1260400,21.375,21.190000534057617,18.106544494628903
06-08-2009,20.90999984741211,21.32999992370605,1632000,21.56999969482422,20.9950008392334,17.939931869506836
07-08-2009,22.03499984741211,22.03499984741211,3916600,22.96500015258789,22.625,19.33273696899414
10-08-2009,22.0,22.96999931335449,1628800,22.96999931335449,22.53499984741211,19.255828857421875
11-08-2009,22.440000534057617,22.5,1046800,22.674999237060547,22.57999992370605,19.294282913208008
12-08-2009,22.5,22.59000015258789,1111800,22.940000534057617,22.729999542236328,19.42245864868164
13-08-2009,22.53499984741211,23.03499984741211,707200,23.13500022888184,22.65999984741211,19.36264419555664
14-08-2009,22.6200008392334,22.84000015258789,1076200,23.11000061035156,22.80500030517578,19.486549377441406
17-08-2009,22.5,22.575000762939453,755200,22.854999542236328,22.59000015258789,19.302831649780277
18-08-2009,22.274999618530277,22.5049991607666,781200,22.625,22.53499984741211,19.255828857421875
19-08-2009,22.28499984741211,22.364999771118164,1212600,22.90999984741211,22.73500061035156,19.426733016967773
20-08-2009,22.34499931335449,22.475000381469727,654200,22.674999237060547,22.56999969482422,19.285737991333008
21-08-2009,22.475000381469727,22.545000076293945,894000,22.809999465942383,22.600000381469727,19.31137466430664
24-08-2009,22.18000030517578,22.18000030517578,1181200,22.854999542236328,22.76499938964844,19.452367782592773
25-08-2009,22.809999465942383,22.86000061035156,1182200,23.03499984741211,22.989999771118164,19.644620895385746
26-08-2009,22.76499938964844,22.899999618530277,565000,23.07999992370605,22.84000015258789,19.51645278930664
27-08-2009,22.44499969482422,22.905000686645508,754400,22.905000686645508,22.770000457763672,19.45663452148437
28-08-2009,22.729999542236328,23.045000076293945,1403200,23.045000076293945,22.895000457763672,19.563446044921875
31-08-2009,22.68000030517578,22.780000686645508,803000,23.0,22.95499992370605,19.61471939086914
01-09-2009,22.53499984741211,22.8799991607666,1502600,22.979999542236328,22.70499992370605,19.401100158691406
02-09-2009,22.545000076293945,22.665000915527344,1221400,22.770000457763672,22.665000915527344,19.366914749145508
03-09-2009,22.530000686645508,22.78499984741211,588200,22.86000061035156,22.850000381469727,19.52499389648437
04-09-2009,22.7450008392334,22.88500022888184,1044200,22.95499992370605,22.774999618530277,19.460906982421875
08-09-2009,22.625,23.1200008392334,1169400,23.325000762939453,22.834999084472656,19.51218032836914
09-09-2009,22.69499969482422,22.76000022888184,644800,23.200000762939453,23.100000381469727,19.738615036010746
10-09-2009,22.920000076293945,23.274999618530277,622200,23.274999618530277,23.05500030517578,19.700166702270508
11-09-2009,22.864999771118164,22.96500015258789,467000,23.07999992370605,22.934999465942383,19.59762954711914
14-09-2009,22.73500061035156,22.76499938964844,464800,23.0049991607666,22.8799991607666,19.55063247680664
15-09-2009,22.815000534057617,22.875,455600,22.98500061035156,22.88500022888184,19.554903030395508
16-09-2009,22.76499938964844,22.950000762939453,822400,23.09499931335449,22.979999542236328,19.636075973510746
17-09-2009,22.614999771118164,22.899999618530277,1091000,23.0,22.63500022888184,19.341283798217773
18-09-2009,22.670000076293945,22.670000076293945,945200,22.854999542236328,22.76000022888184,19.448087692260746
21-09-2009,22.549999237060547,22.655000686645508,821600,22.9950008392334,22.76499938964844,19.452367782592773
22-09-2009,22.45499992370605,23.01499938964844,1261600,23.01499938964844,22.674999237060547,19.37546157836914
23-09-2009,22.584999084472656,22.725000381469727,930600,22.924999237060547,22.63999938964844,19.345552444458008
24-09-2009,22.44499969482422,22.82999992370605,1019800,22.924999237060547,22.5049991607666,19.230201721191406
25-09-2009,21.94499969482422,22.475000381469727,1542600,22.4950008392334,21.989999771118164,18.790136337280277
28-09-2009,21.8799991607666,22.020000457763672,940400,22.4950008392334,22.299999237060547,19.05502319335937
29-09-2009,22.30500030517578,22.48500061035156,932200,22.600000381469727,22.4950008392334,19.22165298461914
30-09-2009,22.399999618530277,22.665000915527344,1078400,22.834999084472656,22.600000381469727,19.31137466430664
01-10-2009,22.01499938964844,22.68000030517578,904400,22.709999084472656,22.03499984741211,18.828590393066406
02-10-2009,22.05500030517578,22.06999969482422,1197000,22.57999992370605,22.165000915527344,18.939674377441406
05-10-2009,21.434999465942383,22.11000061035156,2123600,22.11000061035156,21.59000015258789,18.44834518432617
06-10-2009,21.905000686645508,22.075000762939453,1839400,22.325000762939453,21.96500015258789,18.768781661987305
07-10-2009,21.4950008392334,22.165000915527344,1950600,22.21500015258789,21.75,18.585060119628903
08-10-2009,21.989999771118164,22.375,2502800,22.479999542236328,22.350000381469727,19.09775161743164
09-10-2009,22.53499984741211,22.57999992370605,1671800,22.989999771118164,22.8700008392334,19.54208755493164
12-10-2009,23.2450008392334,23.34000015258789,1486000,23.450000762939453,23.424999237060547,20.01632499694824
13-10-2009,23.59000015258789,24.325000762939453,3265400,24.415000915527344,23.774999618530277,20.315399169921875
14-10-2009,23.55500030517578,23.88999938964844,2216000,23.98500061035156,23.780000686645508,20.31966590881348
15-10-2009,23.854999542236328,23.920000076293945,1457200,24.190000534057617,24.18000030517578,20.66146278381348
16-10-2009,24.184999465942383,24.30500030517578,1533800,24.399999618530277,24.334999084472656,20.79391288757324
19-10-2009,24.36000061035156,24.46500015258789,1490800,24.61000061035156,24.565000534057617,20.99043846130371
20-10-2009,24.395000457763672,24.479999542236328,1656200,24.63500022888184,24.6299991607666,21.045976638793945
21-10-2009,24.5049991607666,24.709999084472656,2408200,24.895000457763672,24.63500022888184,21.050256729125977
22-10-2009,24.5049991607666,24.540000915527344,1092600,24.934999465942383,24.82999992370605,21.216876983642575
23-10-2009,24.665000915527344,24.93000030517578,915600,25.07999992370605,24.834999084472656,21.22114944458008
26-10-2009,24.875,24.924999237060547,1485800,25.2450008392334,24.93000030517578,21.302322387695312
27-10-2009,24.59499931335449,24.86000061035156,1663400,25.09000015258789,24.73500061035156,21.13570213317871
28-10-2009,24.200000762939453,24.780000686645508,2010800,24.950000762939453,24.26499938964844,20.734094619750977
29-10-2009,24.299999237060547,24.549999237060547,1815600,24.815000534057617,24.78499984741211,21.178422927856445
30-10-2009,24.600000381469727,24.739999771118164,1167400,25.059999465942383,24.604999542236328,21.02461814880371
02-11-2009,24.5,24.71500015258789,1187200,24.8799991607666,24.78499984741211,21.178422927856445
03-11-2009,24.23500061035156,24.614999771118164,1602600,24.774999618530277,24.4950008392334,20.93062210083008
04-11-2009,24.44499969482422,24.549999237060547,1550400,24.81999969482422,24.674999237060547,21.084428787231445
05-11-2009,24.614999771118164,24.674999237060547,1546600,25.315000534057617,25.024999618530277,21.383495330810547
06-11-2009,23.420000076293945,24.36000061035156,4552800,24.36000061035156,23.71500015258789,20.26411819458008
09-11-2009,24.395000457763672,24.73500061035156,3118600,24.770000457763672,24.614999771118164,21.033166885375977
10-11-2009,24.405000686645508,24.43000030517578,1682200,24.565000534057617,24.489999771118164,20.926349639892575
11-11-2009,24.295000076293945,24.5049991607666,1149000,24.6200008392334,24.44499969482422,20.887903213500977
12-11-2009,24.395000457763672,24.45499992370605,1174600,24.75,24.5,20.934907913208008
13-11-2009,24.825000762939453,24.8799991607666,1774400,25.34499931335449,25.26499938964844,21.588573455810547
16-11-2009,25.18000030517578,25.26499938964844,1215600,25.81999969482422,25.59000015258789,21.866291046142575
17-11-2009,25.26000022888184,25.53499984741211,899000,25.59000015258789,25.459999084472656,21.75520133972168
18-11-2009,25.21999931335449,25.524999618530277,1334000,25.59499931335449,25.43000030517578,21.72956657409668
19-11-2009,25.100000381469727,25.209999084472656,1436400,25.524999618530277,25.334999084472656,21.64838981628418
20-11-2009,24.905000686645508,25.280000686645508,1219000,25.290000915527344,25.125,21.468950271606445
23-11-2009,25.09499931335449,25.25,625400,25.5,25.23500061035156,21.56294631958008
24-11-2009,25.049999237060547,25.165000915527344,1023000,25.5,25.424999237060547,21.72529411315918
25-11-2009,25.475000381469727,25.600000381469727,1313000,26.18000030517578,26.114999771118164,22.314891815185547
27-11-2009,23.5049991607666,25.68000030517578,943200,25.68000030517578,25.200000762939453,21.53302955627441
30-11-2009,24.82999992370605,25.11000061035156,1215200,25.354999542236328,25.13500022888184,21.47749137878418
01-12-2009,25.350000381469727,25.350000381469727,1203400,25.65999984741211,25.565000534057617,21.844919204711918
02-12-2009,25.61000061035156,25.670000076293945,852600,26.05500030517578,25.96500015258789,22.18672180175781
03-12-2009,25.709999084472656,26.045000076293945,748600,26.225000381469727,25.76000022888184,22.011554718017575
04-12-2009,25.899999618530277,26.0,766800,26.174999237060547,26.125,22.323436737060547
07-12-2009,25.975000381469727,26.045000076293945,775400,26.415000915527344,26.125,22.323436737060547
08-12-2009,25.649999618530277,25.95499992370605,967200,26.020000457763672,25.739999771118164,21.994462966918945
09-12-2009,25.774999618530277,25.8799991607666,813000,26.1299991607666,25.98500061035156,22.203807830810547
10-12-2009,26.01499938964844,26.040000915527344,748800,26.5,26.424999237060547,22.57977867126465
11-12-2009,26.31999969482422,26.479999542236328,340600,26.59000015258789,26.424999237060547,22.57977867126465
14-12-2009,26.26499938964844,26.57999992370605,439800,26.57999992370605,26.475000381469727,22.622507095336918
15-12-2009,26.280000686645508,26.34000015258789,650200,26.575000762939453,26.40999984741211,22.56696891784668
16-12-2009,26.040000915527344,26.559999465942383,913800,26.559999465942383,26.100000381469727,22.302074432373047
17-12-2009,25.209999084472656,25.989999771118164,1466600,26.0049991607666,25.540000915527344,21.823566436767575
18-12-2009,25.43000030517578,25.61000061035156,953800,25.795000076293945,25.520000457763672,21.806468963623047
21-12-2009,25.670000076293945,25.709999084472656,471400,26.09499931335449,25.899999618530277,22.131175994873047
22-12-2009,25.915000915527344,26.059999465942383,906000,26.30500030517578,26.114999771118164,22.314891815185547
23-12-2009,26.09499931335449,26.36000061035156,557000,26.38999938964844,26.2450008392334,22.425975799560547
24-12-2009,26.104999542236328,26.34499931335449,164400,26.46999931335449,26.209999084472656,22.39606666564941
28-12-2009,26.07999992370605,26.209999084472656,218400,26.34499931335449,26.34499931335449,22.511423110961918
29-12-2009,26.21500015258789,26.21500015258789,552000,26.690000534057617,26.53499984741211,22.67376708984375
30-12-2009,26.19499969482422,26.38999938964844,507000,26.584999084472656,26.3799991607666,22.54132461547852
31-12-2009,26.104999542236328,26.315000534057617,445800,26.614999771118164,26.13500022888184,22.331981658935547
04-01-2010,26.13999938964844,26.31999969482422,1665400,26.55500030517578,26.395000457763672,22.55414581298828
05-01-2010,25.03499984741211,25.905000686645508,2559800,25.905000686645508,25.274999618530277,21.59712600708008
06-01-2010,25.600000381469727,25.600000381469727,1830400,26.125,26.084999084472656,22.289255142211918
07-01-2010,25.940000534057617,26.13500022888184,906400,26.270000457763672,26.1299991607666,22.327699661254883
08-01-2010,25.670000076293945,26.145000457763672,1657800,26.31999969482422,26.114999771118164,22.314891815185547
11-01-2010,25.975000381469727,26.274999618530277,813800,26.420000076293945,26.420000076293945,22.57551002502441
12-01-2010,25.674999237060547,26.3700008392334,1013000,26.375,25.71999931335449,21.977367401123047
13-01-2010,25.854999542236328,26.020000457763672,1877800,26.239999771118164,26.100000381469727,22.302074432373047
14-01-2010,26.049999237060547,26.065000534057617,998400,26.299999237060547,26.280000686645508,22.455883026123047
15-01-2010,25.940000534057617,26.280000686645508,734400,26.299999237060547,26.07999992370605,22.284984588623047
19-01-2010,26.05500030517578,26.05500030517578,715600,26.4950008392334,26.459999084472656,22.60968780517578
20-01-2010,26.274999618530277,26.395000457763672,702800,26.6299991607666,26.46500015258789,22.613962173461918
21-01-2010,25.7450008392334,26.48500061035156,879000,26.520000457763672,25.96999931335449,22.19098854064941
22-01-2010,25.93000030517578,26.045000076293945,1376400,26.540000915527344,25.98500061035156,22.203807830810547
25-01-2010,26.030000686645508,26.184999465942383,2314200,26.69499969482422,26.51499938964844,22.656686782836918
26-01-2010,26.434999465942383,26.434999465942383,1674800,26.9950008392334,26.73500061035156,22.84467315673828
27-01-2010,26.100000381469727,26.625,1053800,26.625,26.334999084472656,22.50286865234375
28-01-2010,25.774999618530277,26.325000762939453,927200,26.479999542236328,26.049999237060547,22.25935173034668
29-01-2010,25.56999969482422,26.11000061035156,1082000,26.19499969482422,25.56999969482422,21.849193572998047
01-02-2010,25.4950008392334,25.68000030517578,758200,25.81999969482422,25.73500061035156,21.99018859863281
02-02-2010,25.729999542236328,25.770000457763672,1386400,26.145000457763672,26.104999542236328,22.30634880065918
03-02-2010,25.88500022888184,25.98500061035156,1219200,26.19499969482422,26.07999992370605,22.284984588623047
04-02-2010,25.26000022888184,26.01000022888184,1961200,26.1299991607666,25.46500015258789,21.75947952270508
05-02-2010,26.545000076293945,27.5,4911800,27.7549991607666,27.450000762939453,23.45563125610352
08-02-2010,27.325000762939453,27.59000015258789,2187400,27.6299991607666,27.420000076293945,23.42999649047852
09-02-2010,26.71999931335449,27.600000381469727,1550600,27.600000381469727,27.13500022888184,23.186464309692383
10-02-2010,26.88999938964844,27.149999618530277,687800,27.38500022888184,27.13999938964844,23.19073486328125
11-02-2010,26.95499992370605,27.165000915527344,1822800,27.834999084472656,27.75,23.71197509765625
12-02-2010,27.524999618530277,27.56999969482422,1783400,28.045000076293945,27.989999771118164,23.91704750061035
16-02-2010,27.5,28.059999465942383,1214800,28.059999465942383,27.725000381469727,23.69060707092285
17-02-2010,27.46500015258789,27.59499931335449,1245400,27.93000030517578,27.895000457763672,23.83587455749512
18-02-2010,27.905000686645508,27.905000686645508,2060600,28.770000457763672,28.71500015258789,24.53655433654785
19-02-2010,28.5,28.649999618530277,1791400,28.84499931335449,28.73500061035156,24.55364418029785
22-02-2010,28.575000762939453,28.86000061035156,1537400,29.190000534057617,28.975000381469727,24.75871467590332
23-02-2010,28.43000030517578,28.88999938964844,957000,28.950000762939453,28.46999931335449,24.327207565307617
24-02-2010,28.290000915527344,28.46999931335449,834200,28.770000457763672,28.76000022888184,24.575010299682617
25-02-2010,28.299999237060547,28.524999618530277,835800,28.799999237060547,28.770000457763672,24.583539962768555
26-02-2010,28.440000534057617,28.7549991607666,1473800,28.790000915527344,28.540000915527344,24.38701820373535
01-03-2010,28.540000915527344,28.665000915527344,643200,29.114999771118164,29.084999084472656,24.852710723876957
02-03-2010,29.174999237060547,29.20499992370605,1153600,29.770000457763672,29.450000762939453,25.164596557617188
03-03-2010,29.44499969482422,29.549999237060547,758000,29.709999084472656,29.6299991607666,25.31840705871582
04-03-2010,29.399999618530277,29.690000534057617,682200,29.690000534057617,29.545000076293945,25.245773315429688
05-03-2010,29.299999237060547,29.600000381469727,588000,29.75,29.75,25.42095184326172
08-03-2010,29.51000022888184,29.80500030517578,653400,29.80500030517578,29.59000015258789,25.284229278564453
09-03-2010,29.399999618530277,29.46999931335449,596800,29.790000915527344,29.68000030517578,25.36113548278809
10-03-2010,29.78499984741211,29.78499984741211,1865800,30.31999969482422,30.09000015258789,25.711475372314453
11-03-2010,30.0,30.18000030517578,1147000,30.32999992370605,30.31999969482422,25.908004760742188
12-03-2010,29.975000381469727,30.40999984741211,540200,30.420000076293945,30.34499931335449,25.92936134338379
15-03-2010,30.100000381469727,30.23500061035156,447800,30.350000381469727,30.315000534057617,25.90372467041016
16-03-2010,30.31999969482422,30.354999542236328,526000,30.549999237060547,30.5,26.06180953979492
17-03-2010,30.565000534057617,30.565000534057617,807600,30.94499969482422,30.899999618530277,26.40360450744629
18-03-2010,30.649999618530277,30.780000686645508,1213400,31.399999618530277,31.350000381469727,26.78811454772949
19-03-2010,30.95499992370605,31.09000015258789,1766600,31.31999969482422,31.09000015258789,26.56595802307129
22-03-2010,30.780000686645508,30.895000457763672,663200,31.440000534057617,31.21500015258789,26.67276954650879
23-03-2010,31.09000015258789,31.315000534057617,487800,31.46500015258789,31.415000915527344,26.843664169311523
24-03-2010,31.3700008392334,31.3700008392334,959200,31.75,31.70499992370605,27.091459274291992
25-03-2010,31.59499931335449,31.75,713800,32.025001525878906,31.59499931335449,26.997467041015625
26-03-2010,31.399999618530277,31.625,473200,31.7549991607666,31.479999542236328,26.899206161499023
29-03-2010,31.45499992370605,31.614999771118164,445600,31.82999992370605,31.7450008392334,27.12564849853516
30-03-2010,31.665000915527344,31.82999992370605,474400,32.0,31.934999465942383,27.287996292114254
31-03-2010,31.6200008392334,31.6200008392334,617200,32.025001525878906,31.825000762939453,27.194002151489254
01-04-2010,31.530000686645508,31.8700008392334,720200,31.94499969482422,31.864999771118164,27.228181838989254
05-04-2010,31.665000915527344,31.98500061035156,704400,32.07500076293945,31.78499984741211,27.15983009338379
06-04-2010,31.43000030517578,31.88500022888184,1008600,31.905000686645508,31.604999542236328,27.006017684936523
07-04-2010,31.100000381469727,31.59000015258789,803800,31.649999618530277,31.31999969482422,26.762489318847656
08-04-2010,30.3799991607666,31.190000534057617,1838000,31.395000457763672,30.690000534057617,26.22416114807129
09-04-2010,30.56999969482422,30.6299991607666,965800,30.809999465942383,30.790000915527344,26.309608459472656
12-04-2010,30.78499984741211,30.875,675000,30.934999465942383,30.799999237060547,26.31815528869629
13-04-2010,30.729999542236328,30.78499984741211,873800,31.0049991607666,30.950000762939453,26.44632911682129
14-04-2010,30.94499969482422,31.075000762939453,960000,31.149999618530277,31.075000762939453,26.55313491821289
15-04-2010,30.950000762939453,31.075000762939453,1039600,31.21999931335449,30.96999931335449,26.46342086791992
16-04-2010,30.665000915527344,31.049999237060547,903800,31.19499969482422,30.809999465942383,26.326698303222656
19-04-2010,30.665000915527344,30.69499969482422,590800,30.975000381469727,30.934999465942383,26.43350982666016
20-04-2010,31.229999542236328,31.229999542236328,1162000,31.905000686645508,31.770000457763672,27.14700698852539
21-04-2010,31.434999465942383,32.10499954223633,989600,32.27000045776367,31.670000076293945,27.06155586242676
22-04-2010,31.4950008392334,31.68000030517578,1112000,31.8799991607666,31.875,27.236724853515625
23-04-2010,31.57999992370605,31.76499938964844,454400,31.924999237060547,31.80500030517578,27.17691421508789
26-04-2010,31.51499938964844,31.850000381469727,463000,32.09000015258789,31.604999542236328,27.006017684936523
27-04-2010,30.440000534057617,31.25,1178400,31.25,30.46999931335449,26.036170959472656
28-04-2010,30.40999984741211,30.520000457763672,1236000,31.405000686645508,30.989999771118164,26.480512619018555
29-04-2010,30.825000762939453,30.95499992370605,1419600,31.73500061035156,30.84499931335449,26.35661125183105
30-04-2010,32.9900016784668,32.9900016784668,6215400,35.32500076293945,34.21500015258789,29.236230850219727
03-05-2010,33.20000076293945,34.0,2189600,34.35499954223633,34.34000015258789,29.34303474426269
04-05-2010,33.42499923706055,33.73500061035156,1499000,33.939998626708984,33.85499954223633,28.928607940673828
05-05-2010,33.53499984741211,33.619998931884766,1165600,33.97999954223633,33.79499816894531,28.87734031677246
06-05-2010,32.005001068115234,33.775001525878906,2104400,33.790000915527344,32.845001220703125,28.06557846069336
07-05-2010,31.26499938964844,32.599998474121094,2844600,32.599998474121094,31.815000534057617,27.18546295166016
10-05-2010,32.46500015258789,32.51499938964844,1230000,33.28499984741211,33.209999084472656,28.377466201782227
11-05-2010,32.75,32.79999923706055,2029600,34.15999984741211,33.78499984741211,28.868797302246094
12-05-2010,33.66999816894531,33.939998626708984,1216000,34.48500061035156,34.3849983215332,29.381486892700195
13-05-2010,34.1150016784668,34.1150016784668,1118400,34.744998931884766,34.40999984741211,29.40284538269043
14-05-2010,33.98500061035156,34.3849983215332,1121400,34.60499954223633,34.14500045776367,29.17640686035156
17-05-2010,33.849998474121094,34.165000915527344,926600,34.3849983215332,34.36000061035156,29.3601188659668
18-05-2010,33.1349983215332,33.8650016784668,1450800,33.915000915527344,33.220001220703125,28.386011123657227
19-05-2010,31.795000076293945,32.2400016784668,2571400,32.665000915527344,32.35499954223633,27.646881103515625
20-05-2010,30.604999542236328,31.399999618530277,2676400,31.670000076293945,31.280000686645508,26.728309631347656
21-05-2010,29.645000457763672,29.979999542236328,2299400,30.915000915527344,30.565000534057617,26.117345809936523
24-05-2010,30.13999938964844,30.200000762939453,2131200,31.524999618530277,31.049999237060547,26.53177261352539
25-05-2010,29.440000534057617,29.950000762939453,1777000,31.045000076293945,31.0049991607666,26.493328094482425
26-05-2010,30.549999237060547,31.0,2199000,31.549999237060547,30.56999969482422,26.12161636352539
27-05-2010,30.989999771118164,30.989999771118164,1051400,31.8799991607666,31.864999771118164,27.228181838989254
28-05-2010,31.434999465942383,31.7549991607666,1570600,31.899999618530277,31.44499969482422,26.86930274963379
01-06-2010,31.40999984741211,31.40999984741211,1442000,32.349998474121094,31.649999618530277,27.04446792602539
02-06-2010,31.645000457763672,31.795000076293945,702000,32.5,32.4900016784668,27.76224136352539
03-06-2010,32.41999816894531,32.41999816894531,1074800,32.994998931884766,32.7599983215332,27.992950439453125
04-06-2010,32.10499954223633,32.42499923706055,1408200,32.875,32.21500015258789,27.527252197265625
07-06-2010,31.43000030517578,32.22999954223633,1394600,32.22999954223633,31.46999931335449,26.890661239624023
08-06-2010,30.834999084472656,31.334999084472656,1101000,31.450000762939453,31.415000915527344,26.843664169311523
09-06-2010,31.19499969482422,31.61000061035156,965200,31.920000076293945,31.34499931335449,26.78384780883789
10-06-2010,31.43000030517578,31.56999969482422,691400,31.899999618530277,31.82999992370605,27.19827461242676
11-06-2010,31.530000686645508,31.63500022888184,666600,32.2599983215332,32.189998626708984,27.50588798522949
14-06-2010,32.39500045776367,32.44499969482422,693400,32.849998474121094,32.560001373291016,27.82205390930176
15-06-2010,32.165000915527344,32.619998931884766,955400,33.07500076293945,33.04499816894531,28.236474990844727
16-06-2010,32.689998626708984,32.7599983215332,991800,33.0,32.72999954223633,27.96731185913086
17-06-2010,32.165000915527344,32.84000015258789,950000,32.84000015258789,32.349998474121094,27.642608642578125
18-06-2010,31.59000015258789,32.20500183105469,1505800,32.25,31.684999465942383,27.074371337890625
21-06-2010,31.665000915527344,31.98500061035156,934200,32.38999938964844,31.825000762939453,27.194002151489254
22-06-2010,31.59000015258789,31.934999465942383,1216200,32.31999969482422,31.63999938964844,27.03592300415039
23-06-2010,30.7549991607666,31.63999938964844,1313600,31.63999938964844,30.975000381469727,26.467687606811523
24-06-2010,30.625,30.94499969482422,1543200,31.11000061035156,30.69499969482422,26.22843742370605
25-06-2010,30.53499984741211,30.834999084472656,1342600,31.0,30.84499931335449,26.35661125183105
28-06-2010,30.559999465942383,30.725000381469727,611800,31.145000457763672,30.81999969482422,26.335243225097656
29-06-2010,30.13999938964844,30.63500022888184,998600,30.7549991607666,30.26499938964844,25.86101531982422
30-06-2010,30.26000022888184,30.26000022888184,1018600,30.90999984741211,30.405000686645508,25.98063468933105
01-07-2010,29.31999969482422,30.2549991607666,1692800,30.2549991607666,29.80500030517578,25.46795082092285
02-07-2010,29.959999084472656,29.979999542236328,1488800,30.864999771118164,30.584999084472656,26.13444328308105
06-07-2010,30.68000030517578,31.0,1117600,31.3700008392334,30.975000381469727,26.467687606811523
07-07-2010,30.924999237060547,30.934999465942383,830600,32.060001373291016,32.0099983215332,27.35207748413086
08-07-2010,32.14500045776367,32.279998779296875,1215000,32.5,32.5,27.770776748657227
09-07-2010,32.35499954223633,32.48500061035156,598200,32.625,32.46500015258789,27.74087905883789
12-07-2010,32.1349983215332,32.29499816894531,871600,32.834999084472656,32.67499923706055,27.920320510864254
13-07-2010,32.79499816894531,32.970001220703125,1165400,33.189998626708984,33.1150016784668,28.29629135131836
14-07-2010,32.834999084472656,32.8849983215332,812000,33.40999984741211,33.404998779296875,28.544086456298828
15-07-2010,33.154998779296875,33.349998474121094,882800,33.474998474121094,33.41999816894531,28.556909561157227
16-07-2010,33.05500030517578,33.29499816894531,1694800,33.334999084472656,33.22999954223633,28.39455986022949
19-07-2010,32.125,33.11000061035156,1089600,33.1349983215332,32.35499954223633,27.646881103515625
20-07-2010,31.6299991607666,32.04999923706055,734600,32.380001068115234,32.33000183105469,27.62552833557129
21-07-2010,31.520000457763672,32.4900016784668,979600,32.4900016784668,31.59499931335449,26.997467041015625
22-07-2010,31.68000030517578,31.88500022888184,629600,32.29499816894531,32.14500045776367,27.467439651489254
23-07-2010,32.005001068115234,32.005001068115234,642400,32.880001068115234,32.84000015258789,28.06129646301269
26-07-2010,32.05500030517578,32.459999084472656,1059800,32.619998931884766,32.345001220703125,27.638338088989254
27-07-2010,31.915000915527344,32.38999938964844,674600,32.45500183105469,31.9950008392334,27.33927154541016
28-07-2010,31.815000534057617,32.060001373291016,595800,32.119998931884766,31.895000457763672,27.25381851196289
29-07-2010,31.86000061035156,32.130001068115234,954000,32.2599983215332,32.0,27.343542098999023
30-07-2010,32.35499954223633,32.35499954223633,1159200,33.130001068115234,32.845001220703125,28.06557846069336
02-08-2010,33.0,33.22999954223633,1297600,33.52000045776367,33.470001220703125,28.59963035583496
03-08-2010,33.290000915527344,33.310001373291016,952200,34.084999084472656,33.69499969482422,28.791894912719727
04-08-2010,33.46500015258789,33.72999954223633,1005000,34.08000183105469,33.845001220703125,28.920068740844727
05-08-2010,33.6150016784668,33.75,623000,34.125,34.01499938964844,29.06532859802246
06-08-2010,32.04499816894531,33.029998779296875,2186200,33.029998779296875,32.4900016784668,27.76224136352539
09-08-2010,32.435001373291016,32.685001373291016,942200,32.834999084472656,32.755001068115234,27.988672256469727
10-08-2010,31.895000457763672,32.55500030517578,1456000,32.55500030517578,32.130001068115234,27.45461654663086
11-08-2010,31.3799991607666,31.3799991607666,1055000,31.989999771118164,31.665000915527344,27.057283401489254
12-08-2010,30.905000686645508,31.420000076293945,1154400,31.420000076293945,31.045000076293945,26.52750587463379
13-08-2010,30.895000457763672,30.989999771118164,670600,31.65999984741211,31.375,26.80948257446289
16-08-2010,31.059999465942383,31.25,477800,31.424999237060547,31.405000686645508,26.835124969482425
17-08-2010,31.45499992370605,31.53499984741211,888600,32.33000183105469,32.095001220703125,27.42472267150879
18-08-2010,31.7450008392334,31.989999771118164,860800,32.25,31.790000915527344,27.16410255432129
19-08-2010,31.364999771118164,31.76000022888184,1185200,32.165000915527344,31.71500015258789,27.10000991821289
20-08-2010,30.9950008392334,31.59499931335449,547400,31.63999938964844,31.38500022888184,26.818029403686523
23-08-2010,31.354999542236328,31.57999992370605,362600,31.934999465942383,31.354999542236328,26.79239273071289
24-08-2010,30.375,31.01000022888184,976400,31.01000022888184,30.43000030517578,26.00199508666992
25-08-2010,29.76499938964844,30.315000534057617,1184600,30.44499969482422,30.334999084472656,25.92082023620605
26-08-2010,29.864999771118164,30.31999969482422,827200,30.475000381469727,29.875,25.527755737304688
27-08-2010,29.81999969482422,29.975000381469727,557400,30.649999618530277,30.59499931335449,26.14298439025879
30-08-2010,30.149999618530277,30.5049991607666,1123600,30.59499931335449,30.190000534057617,25.796920776367188
31-08-2010,29.670000076293945,30.030000686645508,975900,30.3700008392334,30.13999938964844,25.75419235229492
01-09-2010,30.46999931335449,30.46999931335449,867100,31.0,30.82999992370605,26.34379196166992
02-09-2010,30.780000686645508,30.780000686645508,621500,31.51000022888184,31.489999771118164,26.90774917602539
03-09-2010,31.700000762939453,31.75,747000,32.290000915527344,32.22999954223633,27.54006767272949
07-09-2010,31.799999237060547,32.459999084472656,577400,32.63999938964844,32.04999923706055,27.38626480102539
08-09-2010,31.65999984741211,32.099998474121094,421400,32.18000030517578,31.690000534057617,27.078651428222656
09-09-2010,31.8700008392334,31.8700008392334,500900,32.41999816894531,32.369998931884766,27.659698486328125
10-09-2010,32.2400016784668,32.380001068115234,338100,32.43000030517578,32.310001373291016,27.60843276977539
13-09-2010,32.58000183105469,32.58000183105469,540800,33.189998626708984,33.060001373291016,28.249292373657227
14-09-2010,32.75,32.939998626708984,481800,33.20000076293945,33.099998474121094,28.28347396850586
15-09-2010,33.0,33.06999969482422,665400,33.599998474121094,33.43000030517578,28.565452575683597
16-09-2010,33.16999816894531,33.20000076293945,541800,33.43000030517578,33.27000045776367,28.428733825683597
17-09-2010,32.959999084472656,33.15999984741211,704800,33.290000915527344,33.060001373291016,28.249292373657227
20-09-2010,33.040000915527344,33.18000030517578,1009800,33.27000045776367,33.15999984741211,28.33474349975586
21-09-2010,32.18000030517578,33.18000030517578,1781600,33.25,32.41999816894531,27.70242118835449
22-09-2010,32.29999923706055,32.439998626708984,772700,33.0,32.61000061035156,27.864768981933597
23-09-2010,32.25,32.400001525878906,544800,32.66999816894531,32.349998474121094,27.642608642578125
24-09-2010,32.439998626708984,32.709999084472656,722300,32.91999816894531,32.83000183105469,28.05276679992676
27-09-2010,32.27000045776367,32.72999954223633,750900,33.060001373291016,32.86000061035156,28.07839775085449
28-09-2010,32.52000045776367,32.900001525878906,706600,33.02000045776367,32.93000030517578,28.138206481933597
29-09-2010,31.959999084472656,32.7599983215332,1243500,32.7599983215332,32.220001220703125,27.531530380249023
30-09-2010,32.65999984741211,32.72999954223633,1244000,33.09000015258789,32.810001373291016,28.03567123413086
01-10-2010,32.5099983215332,33.0,662600,33.02000045776367,32.83000183105469,28.05276679992676
04-10-2010,32.279998779296875,32.83000183105469,448600,32.869998931884766,32.43000030517578,27.71096420288086
05-10-2010,32.650001525878906,32.650001525878906,665000,33.209999084472656,33.130001068115234,28.309106826782227
06-10-2010,33.15999984741211,33.2400016784668,648400,33.459999084472656,33.2400016784668,28.40310478210449
07-10-2010,32.59000015258789,33.33000183105469,348500,33.33000183105469,32.709999084472656,27.950220108032227
08-10-2010,32.43000030517578,32.650001525878906,722900,33.029998779296875,32.65999984741211,27.90750312805176
11-10-2010,32.36000061035156,32.65999984741211,670900,32.66999816894531,32.400001525878906,27.685333251953125
12-10-2010,31.8799991607666,32.31999969482422,359800,32.43000030517578,32.27000045776367,27.57425117492676
13-10-2010,31.670000076293945,32.369998931884766,2214900,32.369998931884766,31.709999084472656,27.09573173522949
14-10-2010,31.600000381469727,31.809999465942383,929200,31.88999938964844,31.68000030517578,27.070098876953125
15-10-2010,31.350000381469727,32.04999923706055,1552000,32.29999923706055,31.59000015258789,26.993200302124023
18-10-2010,31.32999992370605,31.530000686645508,1930000,31.75,31.450000762939453,26.873565673828125
19-10-2010,30.420000076293945,30.979999542236328,2869100,31.26000022888184,30.51000022888184,26.07035446166992
20-10-2010,30.600000381469727,30.65999984741211,2133900,30.979999542236328,30.940000534057617,26.437780380249023
21-10-2010,31.09000015258789,31.09000015258789,1077100,31.75,31.36000061035156,26.796667098999023
22-10-2010,31.31999969482422,31.350000381469727,559300,31.780000686645508,31.59000015258789,26.993200302124023
25-10-2010,31.420000076293945,31.670000076293945,1305300,32.11000061035156,31.420000076293945,26.847936630249023
26-10-2010,31.100000381469727,31.299999237060547,889900,31.940000534057617,31.5,26.91629409790039
27-10-2010,31.670000076293945,31.76000022888184,1521300,32.13999938964844,32.099998474121094,27.42898178100586
28-10-2010,32.0099983215332,32.41999816894531,1975700,32.52000045776367,32.0099983215332,27.35207748413086
29-10-2010,31.6299991607666,33.27000045776367,3005200,33.5,31.8700008392334,27.232452392578125
01-11-2010,31.149999618530277,32.02000045776367,1892400,32.25,31.38999938964844,26.82229804992676
02-11-2010,31.26000022888184,31.51000022888184,707600,31.709999084472656,31.56999969482422,26.97611427307129
03-11-2010,31.46999931335449,31.600000381469727,927000,32.040000915527344,31.989999771118164,27.334997177124023
04-11-2010,32.439998626708984,32.54999923706055,969900,32.7400016784668,32.70000076293945,27.941680908203125
05-11-2010,32.720001220703125,32.72999954223633,1035500,33.400001525878906,33.400001525878906,28.539817810058597
08-11-2010,32.7400016784668,33.11000061035156,702400,33.13999938964844,33.130001068115234,28.309106826782227
09-11-2010,32.880001068115234,33.11000061035156,1112900,33.4900016784668,32.97999954223633,28.180932998657227
10-11-2010,33.029998779296875,33.099998474121094,784700,33.5,33.43000030517578,28.565452575683597
11-11-2010,33.2599983215332,33.2599983215332,970200,33.849998474121094,33.70000076293945,28.79616355895996
12-11-2010,33.18000030517578,33.45000076293945,813400,33.81999969482422,33.33000183105469,28.479999542236328
15-11-2010,33.41999816894531,33.43000030517578,745600,33.72999954223633,33.439998626708984,28.5739860534668
16-11-2010,32.36000061035156,33.150001525878906,740700,33.18000030517578,32.779998779296875,28.01003837585449
17-11-2010,32.529998779296875,32.77000045776367,451300,33.0,32.7599983215332,27.992950439453125
18-11-2010,32.599998474121094,32.959999084472656,544700,33.02000045776367,32.779998779296875,28.01003837585449
19-11-2010,32.599998474121094,32.790000915527344,478800,32.939998626708984,32.650001525878906,27.89895820617676
22-11-2010,31.989999771118164,32.2400016784668,1992300,32.63999938964844,32.29999923706055,27.59988784790039
23-11-2010,31.790000915527344,31.979999542236328,1488400,32.04999923706055,31.899999618530277,27.25808906555176
24-11-2010,32.04999923706055,32.099998474121094,558400,32.68000030517578,32.58000183105469,27.839141845703125
26-11-2010,31.770000457763672,31.93000030517578,328700,32.310001373291016,32.18000030517578,27.49734687805176
29-11-2010,31.649999618530277,32.13999938964844,1407400,32.540000915527344,32.40999984741211,27.69387435913086
30-11-2010,31.88999938964844,32.220001220703125,1190400,32.22999954223633,31.950000762939453,27.30080986022949
01-12-2010,32.279998779296875,32.36000061035156,1094300,32.880001068115234,32.880001068115234,28.09548568725586
02-12-2010,32.79999923706055,32.79999923706055,814200,33.47999954223633,33.439998626708984,28.5739860534668
03-12-2010,33.33000183105469,33.349998474121094,1191900,33.86000061035156,33.540000915527344,28.659446716308597
06-12-2010,32.959999084472656,33.38999938964844,710900,33.470001220703125,33.400001525878906,28.539817810058597
07-12-2010,33.0099983215332,33.630001068115234,966700,33.630001068115234,33.119998931884766,28.300559997558597
08-12-2010,32.970001220703125,33.13999938964844,589000,33.310001373291016,33.130001068115234,28.309106826782227
09-12-2010,33.2400016784668,33.380001068115234,533600,33.529998779296875,33.36000061035156,28.505634307861328
10-12-2010,32.97999954223633,33.43000030517578,850800,33.43000030517578,33.369998931884766,28.51418113708496
13-12-2010,33.2599983215332,33.349998474121094,657100,33.689998626708984,33.380001068115234,28.522727966308597
14-12-2010,33.29999923706055,33.29999923706055,1388000,34.709999084472656,34.529998779296875,29.505380630493164
15-12-2010,34.58000183105469,34.59000015258789,1156400,35.0,34.849998474121094,29.778827667236328
16-12-2010,34.59000015258789,34.880001068115234,1058400,34.959999084472656,34.779998779296875,29.71900749206543
17-12-2010,34.77000045776367,34.810001373291016,1710200,35.650001525878906,35.56999969482422,30.394052505493164
20-12-2010,35.189998626708984,35.400001525878906,604300,35.68000030517578,35.2400016784668,30.112083435058597
21-12-2010,35.0099983215332,35.290000915527344,703700,35.38999938964844,35.11000061035156,30.00099372863769
22-12-2010,35.2400016784668,35.349998474121094,802500,35.849998474121094,35.61000061035156,30.42823028564453
23-12-2010,35.459999084472656,35.70000076293945,458800,35.900001525878906,35.599998474121094,30.41967010498047
27-12-2010,35.290000915527344,35.47999954223633,256700,35.599998474121094,35.29999923706055,30.163331985473636
28-12-2010,34.779998779296875,35.29999923706055,421300,35.29999923706055,35.15999984741211,30.04371452331543
29-12-2010,34.95000076293945,35.33000183105469,482700,35.43000030517578,35.060001373291016,29.95826530456543
30-12-2010,35.15999984741211,35.16999816894531,414000,35.75,35.41999816894531,30.2658748626709
31-12-2010,34.61000061035156,35.310001373291016,526400,35.380001068115234,34.63999938964844,29.599380493164062
03-01-2011,34.79999923706055,34.95000076293945,701100,35.119998931884766,35.02000045776367,29.924097061157227
04-01-2011,34.849998474121094,35.16999816894531,806900,35.36000061035156,35.279998779296875,30.146242141723636
05-01-2011,34.369998931884766,35.099998474121094,1101600,35.099998474121094,34.56999969482422,29.53956413269043
06-01-2011,34.36000061035156,34.689998626708984,660100,34.900001525878906,34.4900016784668,29.471200942993164
07-01-2011,33.58000183105469,34.459999084472656,1022300,34.459999084472656,33.72999954223633,28.82180404663086
10-01-2011,33.150001525878906,33.400001525878906,1250000,33.47999954223633,33.36000061035156,28.505634307861328
11-01-2011,32.540000915527344,33.400001525878906,2009400,33.41999816894531,32.65999984741211,27.90750312805176
12-01-2011,32.7599983215332,32.95000076293945,1400200,33.16999816894531,33.16999816894531,28.34329032897949
13-01-2011,32.2599983215332,32.7599983215332,1451100,33.060001373291016,33.029998779296875,28.223657608032227
14-01-2011,32.790000915527344,33.0,915400,33.189998626708984,32.9900016784668,28.189483642578125
18-01-2011,32.84000015258789,32.84000015258789,947800,33.29999923706055,33.22999954223633,28.39455986022949
19-01-2011,32.45000076293945,33.15999984741211,1062600,33.400001525878906,32.58000183105469,27.839141845703125
20-01-2011,31.82999992370605,32.400001525878906,1540600,32.400001525878906,32.08000183105469,27.411903381347656
21-01-2011,31.82999992370605,32.25,1160100,32.25,32.0,27.343542098999023
24-01-2011,31.96999931335449,32.09000015258789,1744900,32.45000076293945,32.22999954223633,27.54006767272949
25-01-2011,31.76000022888184,32.099998474121094,2287200,32.189998626708984,31.920000076293945,27.27517890930176
26-01-2011,31.75,32.08000183105469,2262200,32.27000045776367,32.0099983215332,27.35207748413086
27-01-2011,31.959999084472656,31.989999771118164,2243700,33.380001068115234,33.04999923706055,28.24074363708496
28-01-2011,30.770000457763672,31.190000534057617,4593500,32.150001525878906,31.07999992370605,26.557416915893555
31-01-2011,31.170000076293945,31.61000061035156,2731300,31.899999618530277,31.489999771118164,26.90774917602539
01-02-2011,30.26000022888184,30.670000076293945,5478900,31.239999771118164,30.770000457763672,26.292526245117188
02-02-2011,30.76000022888184,30.799999237060547,2063100,31.6200008392334,31.520000457763672,26.93338203430176
03-02-2011,31.5,31.559999465942383,1459900,32.060001373291016,32.0099983215332,27.35207748413086
04-02-2011,31.940000534057617,32.209999084472656,1177700,32.38999938964844,32.20000076293945,27.514434814453125
07-02-2011,32.150001525878906,32.209999084472656,861600,32.689998626708984,32.380001068115234,27.66824150085449
08-02-2011,32.349998474121094,32.5,993400,32.709999084472656,32.63999938964844,27.89040946960449
09-02-2011,32.189998626708984,32.4900016784668,864500,32.5,32.27000045776367,27.57425117492676
10-02-2011,32.11000061035156,32.11000061035156,943400,32.40999984741211,32.279998779296875,27.58279609680176
11-02-2011,31.96999931335449,32.15999984741211,976400,32.459999084472656,32.41999816894531,27.70242118835449
14-02-2011,31.82999992370605,32.29999923706055,992900,32.29999923706055,32.130001068115234,27.45461654663086
15-02-2011,32.150001525878906,32.15999984741211,921600,32.599998474121094,32.349998474121094,27.642608642578125
16-02-2011,32.45000076293945,32.5,939200,32.869998931884766,32.72999954223633,27.96731185913086
17-02-2011,32.4900016784668,32.650001525878906,699000,32.880001068115234,32.72999954223633,27.96731185913086
18-02-2011,32.630001068115234,32.650001525878906,447500,32.93000030517578,32.84000015258789,28.06129646301269
22-02-2011,31.899999618530277,32.459999084472656,809400,32.459999084472656,31.989999771118164,27.334997177124023
23-02-2011,31.309999465942383,31.96999931335449,829700,32.040000915527344,31.479999542236328,26.899206161499023
24-02-2011,30.90999984741211,31.399999618530277,1168500,31.56999969482422,31.100000381469727,26.57450485229492
25-02-2011,30.959999084472656,31.100000381469727,893700,31.459999084472656,31.459999084472656,26.882118225097656
28-02-2011,31.46999931335449,31.479999542236328,714300,31.739999771118164,31.600000381469727,27.00174331665039
01-03-2011,31.25,31.700000762939453,819200,31.88999938964844,31.46999931335449,26.890661239624023
02-03-2011,31.21999931335449,31.350000381469727,945300,31.8700008392334,31.65999984741211,27.05301284790039
03-03-2011,31.86000061035156,31.899999618530277,828800,32.619998931884766,32.529998779296875,27.79641342163086
04-03-2011,31.75,32.33000183105469,810400,32.369998931884766,31.940000534057617,27.292266845703125
07-03-2011,31.700000762939453,32.02000045776367,1071400,32.11000061035156,31.790000915527344,27.16410255432129
08-03-2011,31.530000686645508,31.86000061035156,720400,32.22999954223633,32.150001525878906,27.47171401977539
09-03-2011,31.280000686645508,31.65999984741211,1077300,31.84000015258789,31.440000534057617,26.865028381347656
10-03-2011,30.799999237060547,31.06999969482422,680100,31.18000030517578,30.959999084472656,26.454872131347656
11-03-2011,30.71999931335449,30.8799991607666,535900,31.239999771118164,31.13999938964844,26.60868263244629
14-03-2011,30.530000686645508,30.90999984741211,679500,31.100000381469727,30.6299991607666,26.172895431518555
15-03-2011,29.6200008392334,29.709999084472656,813900,30.229999542236328,30.06999969482422,25.694381713867188
16-03-2011,29.790000915527344,29.979999542236328,1072300,30.190000534057617,29.88999938964844,25.540576934814453
17-03-2011,30.07999992370605,30.239999771118164,1005000,30.3799991607666,30.18000030517578,25.78837776184082
18-03-2011,30.0,30.309999465942383,1015700,30.61000061035156,30.07999992370605,25.70292091369629
21-03-2011,30.280000686645508,30.40999984741211,721900,30.8700008392334,30.530000686645508,26.08744430541992
22-03-2011,30.38999938964844,30.459999084472656,662500,30.63999938964844,30.459999084472656,26.027626037597656
23-03-2011,29.540000915527344,30.32999992370605,1280700,30.32999992370605,29.71999931335449,25.39531517028809
24-03-2011,29.239999771118164,29.76000022888184,1517700,29.82999992370605,29.68000030517578,25.36113548278809
25-03-2011,29.649999618530277,29.690000534057617,674200,30.280000686645508,30.049999237060547,25.677291870117188
28-03-2011,30.01000022888184,30.149999618530277,918600,30.26000022888184,30.030000686645508,25.660205841064453
29-03-2011,29.90999984741211,29.96999931335449,955500,30.309999465942383,30.09000015258789,25.711475372314453
30-03-2011,29.90999984741211,30.1200008392334,857800,30.209999084472656,29.950000762939453,25.591842651367188
31-03-2011,29.799999237060547,29.920000076293945,864400,30.09000015258789,30.0,25.634567260742188
01-04-2011,29.729999542236328,30.21999931335449,1085000,30.21999931335449,29.82999992370605,25.48930549621582
04-04-2011,29.459999084472656,29.899999618530277,1105600,29.989999771118164,29.6200008392334,25.30986213684082
05-04-2011,29.450000762939453,29.520000457763672,1353300,30.06999969482422,30.030000686645508,25.660205841064453
06-04-2011,30.540000915527344,30.549999237060547,1492900,31.450000762939453,31.18000030517578,26.642858505249023
07-04-2011,30.93000030517578,31.1299991607666,925900,31.290000915527344,31.0,26.48905563354492
08-04-2011,31.170000076293945,31.209999084472656,1047300,31.440000534057617,31.290000915527344,26.73685646057129
11-04-2011,31.209999084472656,31.350000381469727,653000,31.520000457763672,31.40999984741211,26.839391708374023
12-04-2011,31.200000762939453,31.309999465942383,1151000,31.75,31.75,27.129913330078125
13-04-2011,31.959999084472656,32.060001373291016,2069500,32.2599983215332,32.20000076293945,27.514434814453125
14-04-2011,31.979999542236328,32.20000076293945,1442000,32.400001525878906,32.310001373291016,27.60843276977539
15-04-2011,32.29999923706055,32.31999969482422,786200,32.689998626708984,32.58000183105469,27.839141845703125
18-04-2011,32.400001525878906,32.5099983215332,1545800,32.7400016784668,32.65999984741211,27.90750312805176
19-04-2011,32.540000915527344,32.630001068115234,748700,32.810001373291016,32.810001373291016,28.03567123413086
20-04-2011,32.97999954223633,33.0,639300,33.2400016784668,33.20000076293945,28.36892509460449
21-04-2011,33.220001220703125,33.25,491500,33.63999938964844,33.459999084472656,28.59108543395996
25-04-2011,32.970001220703125,33.380001068115234,387400,33.439998626708984,33.150001525878906,28.32619857788086
26-04-2011,33.20000076293945,33.290000915527344,533000,33.72999954223633,33.4900016784668,28.616722106933597
27-04-2011,33.43000030517578,33.529998779296875,697800,33.91999816894531,33.91999816894531,28.98414802551269
28-04-2011,33.52000045776367,33.59000015258789,1222900,33.88999938964844,33.61000061035156,28.719257354736328
29-04-2011,31.149999618530277,32.2599983215332,3132200,32.38999938964844,31.88999938964844,27.249549865722656
02-05-2011,31.770000457763672,31.84000015258789,1177200,32.11000061035156,32.0,27.343542098999023
03-05-2011,31.81999969482422,31.88999938964844,836400,32.0,31.940000534057617,27.292266845703125
04-05-2011,31.709999084472656,31.90999984741211,813000,32.04999923706055,31.709999084472656,27.09573173522949
05-05-2011,31.40999984741211,31.479999542236328,832800,31.989999771118164,31.739999771118164,27.12137222290039
06-05-2011,32.08000183105469,32.2599983215332,1126400,32.5,32.29999923706055,27.59988784790039
09-05-2011,32.11000061035156,32.209999084472656,981600,32.38999938964844,32.220001220703125,27.531530380249023
10-05-2011,32.150001525878906,32.22999954223633,485200,32.5099983215332,32.5,27.770776748657227
11-05-2011,32.040000915527344,32.40999984741211,496300,32.5,32.209999084472656,27.52298164367676
12-05-2011,31.84000015258789,32.15999984741211,573000,32.470001220703125,32.45000076293945,27.72805595397949
13-05-2011,31.149999618530277,32.27000045776367,1785000,32.29999923706055,31.520000457763672,26.93338203430176
16-05-2011,31.200000762939453,31.350000381469727,1101500,31.549999237060547,31.450000762939453,26.873565673828125
17-05-2011,31.1200008392334,31.40999984741211,594000,31.459999084472656,31.459999084472656,26.882118225097656
18-05-2011,31.36000061035156,31.68000030517578,1249000,31.86000061035156,31.51000022888184,26.924840927124023
19-05-2011,31.6200008392334,31.729999542236328,2262600,31.950000762939453,31.709999084472656,27.09573173522949
20-05-2011,31.270000457763672,31.670000076293945,854100,31.71999931335449,31.32999992370605,26.77103614807129
23-05-2011,30.520000457763672,30.940000534057617,663300,30.940000534057617,30.739999771118164,26.26689338684082
24-05-2011,30.71999931335449,30.850000381469727,1550000,31.43000030517578,31.15999984741211,26.62577247619629
25-05-2011,30.96999931335449,31.13999938964844,820300,31.440000534057617,31.350000381469727,26.78811454772949
26-05-2011,31.57999992370605,31.6299991607666,1263800,32.06999969482422,32.029998779296875,27.369171142578125
27-05-2011,32.040000915527344,32.310001373291016,1035100,32.540000915527344,32.08000183105469,27.411903381347656
31-05-2011,31.899999618530277,32.099998474121094,814300,32.349998474121094,32.20000076293945,27.514434814453125
01-06-2011,31.459999084472656,32.18000030517578,802200,32.29999923706055,31.520000457763672,26.93338203430176
02-06-2011,31.11000061035156,31.520000457763672,631900,31.549999237060547,31.43000030517578,26.85647964477539
03-06-2011,31.46999931335449,31.549999237060547,1253900,31.84000015258789,31.770000457763672,27.14700698852539
06-06-2011,31.07999992370605,31.63999938964844,611500,31.75,31.07999992370605,26.557416915893555
07-06-2011,30.81999969482422,31.06999969482422,712400,31.280000686645508,31.11000061035156,26.58304977416992
08-06-2011,30.729999542236328,31.0,819200,31.06999969482422,31.0,26.48905563354492
09-06-2011,30.850000381469727,31.09000015258789,755100,31.09000015258789,30.940000534057617,26.437780380249023
10-06-2011,30.43000030517578,30.780000686645508,583900,30.989999771118164,30.56999969482422,26.12161636352539
13-06-2011,30.34000015258789,30.600000381469727,521200,30.690000534057617,30.59000015258789,26.13871383666992
14-06-2011,30.790000915527344,30.799999237060547,636200,31.36000061035156,31.200000762939453,26.65994644165039
15-06-2011,30.440000534057617,30.959999084472656,762200,31.299999237060547,30.450000762939453,26.019086837768555
16-06-2011,30.31999969482422,30.3799991607666,746800,30.739999771118164,30.68000030517578,26.21561622619629
17-06-2011,30.899999618530277,30.959999084472656,1060700,31.36000061035156,31.020000457763672,26.506139755249023
20-06-2011,31.040000915527344,31.040000915527344,631000,31.5,31.280000686645508,26.728309631347656
21-06-2011,31.540000915527344,31.6200008392334,673300,31.940000534057617,31.8799991607666,27.24099922180176
22-06-2011,30.65999984741211,31.6299991607666,1425400,31.6299991607666,30.700000762939453,26.232702255249023
23-06-2011,29.65999984741211,30.32999992370605,981100,30.399999618530277,30.34000015258789,25.925094604492188
24-06-2011,29.959999084472656,30.350000381469727,819300,30.350000381469727,30.049999237060547,25.677291870117188
27-06-2011,29.8799991607666,29.940000534057617,1080400,30.170000076293945,29.950000762939453,25.591842651367188
28-06-2011,29.959999084472656,30.0,677600,30.350000381469727,30.15999984741211,25.771286010742188
29-06-2011,30.170000076293945,30.280000686645508,731600,30.75,30.63999938964844,26.18143844604492
30-06-2011,30.86000061035156,31.11000061035156,1295600,31.36000061035156,30.950000762939453,26.44632911682129
01-07-2011,30.700000762939453,30.770000457763672,1124000,31.030000686645508,31.020000457763672,26.506139755249023
05-07-2011,30.81999969482422,31.020000457763672,607200,31.040000915527344,31.030000686645508,26.514684677124023
06-07-2011,30.690000534057617,30.950000762939453,707900,31.1200008392334,30.989999771118164,26.480512619018555
07-07-2011,30.739999771118164,31.01000022888184,626600,31.01000022888184,30.979999542236328,26.47196388244629
08-07-2011,30.46999931335449,30.65999984741211,431900,30.739999771118164,30.63999938964844,26.18143844604492
11-07-2011,30.1299991607666,30.31999969482422,497500,30.440000534057617,30.190000534057617,25.796920776367188
12-07-2011,30.1299991607666,30.200000762939453,826000,30.82999992370605,30.350000381469727,25.933631896972656
13-07-2011,31.280000686645508,31.290000915527344,2929900,32.47999954223633,32.150001525878906,27.47171401977539
14-07-2011,32.150001525878906,32.18000030517578,5816600,35.31999969482422,33.16999816894531,28.34329032897949
15-07-2011,32.689998626708984,33.2599983215332,1061100,33.2599983215332,33.02000045776367,28.21511650085449
18-07-2011,31.96999931335449,32.84000015258789,908700,32.86000061035156,32.279998779296875,27.58279609680176
19-07-2011,32.130001068115234,32.41999816894531,956000,32.5099983215332,32.349998474121094,27.642608642578125
20-07-2011,32.04999923706055,32.45000076293945,956000,32.5,32.33000183105469,27.62552833557129
21-07-2011,31.8799991607666,32.209999084472656,1602800,32.209999084472656,32.04999923706055,27.38626480102539
22-07-2011,31.940000534057617,32.0,609700,32.18000030517578,31.96999931335449,27.31790351867676
25-07-2011,31.450000762939453,31.65999984741211,1148900,31.780000686645508,31.46999931335449,26.890661239624023
26-07-2011,31.149999618530277,31.51000022888184,666900,31.56999969482422,31.34000015258789,26.779579162597656
27-07-2011,30.59000015258789,31.11000061035156,702500,31.299999237060547,30.6200008392334,26.16434860229492
28-07-2011,30.309999465942383,30.540000915527344,905700,30.68000030517578,30.459999084472656,26.027626037597656
29-07-2011,29.84000015258789,29.979999542236328,1044700,30.549999237060547,30.290000915527344,25.882373809814453
01-08-2011,29.76000022888184,30.549999237060547,1666400,30.649999618530277,30.18000030517578,25.78837776184082
02-08-2011,29.309999465942383,29.780000686645508,994200,29.979999542236328,29.32999992370605,25.062061309814453
03-08-2011,28.75,29.239999771118164,1600400,29.489999771118164,29.38999938964844,25.113327026367188
04-08-2011,28.11000061035156,28.959999084472656,1769700,29.11000061035156,28.1200008392334,24.028135299682617
05-08-2011,28.1200008392334,28.38999938964844,4408100,29.15999984741211,28.170000076293945,24.07086181640625
08-08-2011,25.75,27.709999084472656,2180600,27.709999084472656,25.76000022888184,22.011554718017575
09-08-2011,25.93000030517578,26.38999938964844,2861200,27.290000915527344,27.100000381469727,23.15656471252441
10-08-2011,26.56999969482422,26.75,2333400,27.6299991607666,26.68000030517578,22.797670364379883
11-08-2011,26.649999618530277,26.780000686645508,1444200,28.489999771118164,28.209999084472656,24.10504150390625
12-08-2011,28.13999938964844,28.420000076293945,1240700,28.959999084472656,28.690000534057617,24.515193939208984
15-08-2011,28.90999984741211,28.989999771118164,1202200,29.3799991607666,29.26000022888184,25.00223922729492
16-08-2011,28.899999618530277,28.979999542236328,933500,29.350000381469727,29.11000061035156,24.87407493591309
17-08-2011,28.75,29.399999618530277,818200,29.56999969482422,29.049999237060547,24.822803497314453
18-08-2011,27.3700008392334,28.36000061035156,1302000,28.5,27.549999237060547,23.541078567504883
19-08-2011,27.3700008392334,27.3700008392334,1139600,28.239999771118164,27.809999465942383,23.76324462890625
22-08-2011,27.950000762939453,28.420000076293945,1117400,28.5,28.209999084472656,24.10504150390625
23-08-2011,28.280000686645508,28.399999618530277,1229700,29.290000915527344,29.290000915527344,25.02787971496582
24-08-2011,29.15999984741211,29.15999984741211,849900,29.850000381469727,29.700000762939453,25.37822723388672
25-08-2011,28.84000015258789,29.6200008392334,1118700,29.809999465942383,29.0,24.78008270263672
26-08-2011,28.350000381469727,28.76000022888184,812900,29.61000061035156,29.57999992370605,25.275684356689453
29-08-2011,29.780000686645508,29.93000030517578,961100,30.280000686645508,30.18000030517578,25.78837776184082
30-08-2011,29.8799991607666,30.040000915527344,1118600,30.56999969482422,30.420000076293945,25.993452072143555
31-08-2011,30.559999465942383,30.559999465942383,1400300,31.239999771118164,30.96999931335449,26.46342086791992
01-09-2011,30.899999618530277,31.13999938964844,827700,31.559999465942383,31.06999969482422,26.54886817932129
02-09-2011,29.850000381469727,30.420000076293945,681500,30.61000061035156,30.040000915527344,25.66874885559082
06-09-2011,28.940000534057617,29.31999969482422,872400,29.56999969482422,29.3700008392334,25.096237182617188
07-09-2011,29.809999465942383,29.86000061035156,581500,30.43000030517578,30.299999237060547,25.89090919494629
08-09-2011,29.739999771118164,30.020000457763672,632600,30.399999618530277,29.76000022888184,25.429489135742188
09-09-2011,28.75,29.75,1044900,29.780000686645508,28.920000076293945,24.711729049682617
12-09-2011,27.920000076293945,28.38999938964844,849600,28.729999542236328,28.709999084472656,24.532276153564453
13-09-2011,28.86000061035156,28.96999931335449,652200,29.450000762939453,29.3799991607666,25.10478401184082
14-09-2011,28.850000381469727,29.3700008392334,1338700,29.75,29.5,25.20732307434082
15-09-2011,29.0,29.6200008392334,778200,29.6200008392334,29.399999618530277,25.12187385559082
16-09-2011,29.399999618530277,29.600000381469727,794300,29.799999237060547,29.780000686645508,25.44658470153809
19-09-2011,28.809999465942383,29.18000030517578,924000,29.299999237060547,29.059999465942383,24.83135032653809
20-09-2011,28.959999084472656,29.100000381469727,716700,29.600000381469727,28.989999771118164,24.77153587341309
21-09-2011,28.43000030517578,29.1200008392334,1949000,29.149999618530277,28.6200008392334,24.455371856689453
22-09-2011,27.600000381469727,28.18000030517578,1491800,28.3700008392334,27.899999618530277,23.840150833129883
23-09-2011,27.84000015258789,27.84000015258789,942200,28.780000686645508,28.670000076293945,24.49810791015625
26-09-2011,27.96999931335449,28.540000915527344,825400,28.780000686645508,28.739999771118164,24.55791282653809
27-09-2011,28.93000030517578,29.100000381469727,672000,29.979999542236328,29.51000022888184,25.215864181518555
28-09-2011,28.790000915527344,29.530000686645508,759400,29.61000061035156,28.850000381469727,24.65191078186035
29-09-2011,28.649999618530277,29.299999237060547,639500,29.540000915527344,29.170000076293945,24.92534637451172
30-09-2011,28.63999938964844,28.86000061035156,738900,29.290000915527344,28.790000915527344,24.60063743591309
03-10-2011,27.049999237060547,28.56999969482422,1037200,28.690000534057617,27.049999237060547,23.113828659057617
04-10-2011,26.920000076293945,26.940000534057617,1596600,27.770000457763672,27.75,23.71197509765625
05-10-2011,27.68000030517578,27.899999618530277,1002400,28.6299991607666,28.5,24.35284423828125
06-10-2011,28.559999465942383,28.559999465942383,1075800,29.96999931335449,29.920000076293945,25.56620979309082
07-10-2011,29.6200008392334,29.989999771118164,876000,30.209999084472656,29.670000076293945,25.35259056091309
10-10-2011,29.790000915527344,30.0,489500,30.350000381469727,30.209999084472656,25.814014434814453
11-10-2011,29.559999465942383,29.940000534057617,708600,30.26000022888184,29.6200008392334,25.30986213684082
12-10-2011,29.8700008392334,29.96999931335449,618100,30.63999938964844,30.21999931335449,25.82255172729492
13-10-2011,30.0,30.26000022888184,765800,30.420000076293945,30.270000457763672,25.865278244018555
14-10-2011,30.209999084472656,30.75,402200,30.780000686645508,30.40999984741211,25.98490524291992
17-10-2011,29.559999465942383,30.36000061035156,756000,30.559999465942383,29.65999984741211,25.34404182434082
18-10-2011,29.57999992370605,29.71999931335449,731700,30.549999237060547,30.229999542236328,25.831100463867188
19-10-2011,29.96999931335449,30.149999618530277,761300,30.520000457763672,29.96999931335449,25.608932495117188
20-10-2011,29.559999465942383,29.950000762939453,880000,30.31999969482422,30.229999542236328,25.831100463867188
21-10-2011,30.21999931335449,30.399999618530277,820500,31.200000762939453,31.09000015258789,26.56595802307129
24-10-2011,31.01000022888184,31.06999969482422,1196700,31.989999771118164,31.700000762939453,27.08719253540039
25-10-2011,26.01000022888184,26.57999992370605,6795700,28.8799991607666,27.3700008392334,23.387264251708984
26-10-2011,26.68000030517578,27.489999771118164,1782300,27.540000915527344,27.26000022888184,23.29327774047852
27-10-2011,27.450000762939453,27.809999465942383,2522900,28.729999542236328,28.6299991607666,24.46392250061035
28-10-2011,28.3700008392334,28.540000915527344,1712500,29.190000534057617,29.11000061035156,24.87407493591309
31-10-2011,28.190000534057617,28.68000030517578,1070900,28.780000686645508,28.299999237060547,24.181943893432617
01-11-2011,27.520000457763672,27.559999465942383,1338700,28.100000381469727,27.850000381469727,23.797420501708984
02-11-2011,27.959999084472656,28.1299991607666,929800,28.450000762939453,28.239999771118164,24.13067054748535
03-11-2011,28.270000457763672,28.440000534057617,1868900,29.1299991607666,28.729999542236328,24.54937171936035
04-11-2011,28.559999465942383,28.559999465942383,1179200,29.459999084472656,29.229999542236328,24.97661590576172
07-11-2011,28.5,29.0,1041200,29.43000030517578,29.40999984741211,25.13041877746582
08-11-2011,28.899999618530277,29.399999618530277,780400,29.61000061035156,29.51000022888184,25.215864181518555
09-11-2011,28.100000381469727,28.690000534057617,648500,28.850000381469727,28.190000534057617,24.087947845458984
10-11-2011,27.690000534057617,28.3700008392334,1555200,28.3700008392334,27.790000915527344,23.746152877807617
11-11-2011,27.690000534057617,28.06999969482422,1036600,28.309999465942383,28.040000915527344,23.95977783203125
14-11-2011,27.5,27.940000534057617,783800,27.959999084472656,27.71999931335449,23.68634033203125
15-11-2011,27.790000915527344,27.809999465942383,1199600,28.11000061035156,27.8700008392334,23.81451416015625
16-11-2011,27.459999084472656,27.549999237060547,705300,27.979999542236328,27.57999992370605,23.56671142578125
17-11-2011,26.649999618530277,27.540000915527344,1219400,27.540000915527344,26.739999771118164,22.84894561767578
18-11-2011,26.440000534057617,27.030000686645508,742500,27.030000686645508,26.479999542236328,22.62677955627441
21-11-2011,25.780000686645508,26.100000381469727,1237300,26.239999771118164,25.88999938964844,22.122631072998047
22-11-2011,25.530000686645508,25.75,987000,25.940000534057617,25.57999992370605,21.857744216918945
23-11-2011,25.13999938964844,25.32999992370605,750700,25.40999984741211,25.21999931335449,21.550125122070312
25-11-2011,24.790000915527344,24.8799991607666,422800,25.15999984741211,24.989999771118164,21.35359764099121
28-11-2011,25.40999984741211,25.6299991607666,985700,25.959999084472656,25.88999938964844,22.122631072998047
29-11-2011,25.32999992370605,25.809999465942383,1003100,25.82999992370605,25.38999938964844,21.695392608642575
30-11-2011,25.959999084472656,26.100000381469727,1509900,26.280000686645508,26.049999237060547,22.25935173034668
01-12-2011,25.729999542236328,25.979999542236328,1145000,26.13999938964844,25.809999465942383,22.05427360534668
02-12-2011,25.75,26.100000381469727,1553300,26.200000762939453,25.780000686645508,22.02863883972168
05-12-2011,25.82999992370605,26.100000381469727,995600,26.18000030517578,25.959999084472656,22.18244171142578
06-12-2011,25.13999938964844,25.459999084472656,1003000,25.6299991607666,25.420000076293945,21.72102928161621
07-12-2011,24.8700008392334,25.25,1024800,25.51000022888184,25.43000030517578,21.72956657409668
08-12-2011,24.950000762939453,25.38999938964844,988300,25.38999938964844,24.989999771118164,21.35359764099121
09-12-2011,24.950000762939453,25.07999992370605,1084400,25.21999931335449,25.09000015258789,21.439044952392575
12-12-2011,24.57999992370605,24.86000061035156,1244300,24.959999084472656,24.63999938964844,21.054523468017575
13-12-2011,23.93000030517578,24.809999465942383,1765100,24.82999992370605,24.059999465942383,20.55891990661621
14-12-2011,23.3700008392334,23.76000022888184,2045100,23.76000022888184,23.459999084472656,20.046226501464844
15-12-2011,23.88999938964844,24.01000022888184,1588600,24.31999969482422,24.270000457763672,20.738365173339844
16-12-2011,24.57999992370605,24.739999771118164,2492400,24.899999618530277,24.71999931335449,21.122882843017575
19-12-2011,24.270000457763672,24.649999618530277,1489800,24.809999465942383,24.32999992370605,20.78963661193848
20-12-2011,25.030000686645508,25.190000534057617,1413100,25.51000022888184,25.399999618530277,21.703935623168945
21-12-2011,25.100000381469727,25.420000076293945,655800,25.459999084472656,25.350000381469727,21.661205291748047
22-12-2011,25.26000022888184,25.350000381469727,636300,25.6299991607666,25.440000534057617,21.738121032714844
23-12-2011,25.209999084472656,25.5,504800,25.540000915527344,25.280000686645508,21.601396560668945
27-12-2011,25.18000030517578,25.239999771118164,698100,25.459999084472656,25.239999771118164,21.567218780517575
28-12-2011,24.959999084472656,25.229999542236328,461600,25.34000015258789,24.989999771118164,21.35359764099121
29-12-2011,24.8799991607666,25.09000015258789,534400,25.3799991607666,25.31999969482422,21.635570526123047
30-12-2011,25.21999931335449,25.350000381469727,455500,25.649999618530277,25.399999618530277,21.703935623168945
03-01-2012,25.56999969482422,25.75,891800,26.1200008392334,25.61000061035156,21.883380889892575
04-01-2012,24.96999931335449,25.440000534057617,1080400,25.440000534057617,24.979999542236328,21.34505271911621
05-01-2012,24.40999984741211,24.76000022888184,1219800,24.899999618530277,24.809999465942383,21.199785232543945
06-01-2012,24.81999969482422,24.959999084472656,825200,25.06999969482422,24.920000076293945,21.29377555847168
09-01-2012,24.600000381469727,25.01000022888184,663400,25.020000457763672,24.81999969482422,21.208332061767575
10-01-2012,25.3799991607666,25.5,1405000,26.13999938964844,26.13999938964844,22.33626365661621
11-01-2012,25.979999542236328,25.979999542236328,765800,26.5,26.46999931335449,22.61823272705078
12-01-2012,25.989999771118164,26.399999618530277,966500,26.46999931335449,26.049999237060547,22.25935173034668
13-01-2012,25.63999938964844,25.850000381469727,1087400,25.950000762939453,25.799999237060547,22.045726776123047
17-01-2012,26.040000915527344,26.21999931335449,835700,26.3799991607666,26.1299991607666,22.327699661254883
18-01-2012,25.690000534057617,25.850000381469727,1059500,26.06999969482422,26.0,22.21662139892578
19-01-2012,25.979999542236328,26.149999618530277,1737800,26.600000381469727,26.3700008392334,22.53278541564941
20-01-2012,25.799999237060547,26.15999984741211,717700,26.170000076293945,26.030000686645508,22.242259979248047
23-01-2012,26.030000686645508,26.030000686645508,1277600,26.729999542236328,26.709999084472656,22.82330703735352
24-01-2012,26.3799991607666,26.530000686645508,946700,27.030000686645508,26.86000061035156,22.95148086547852
25-01-2012,26.459999084472656,26.6200008392334,730700,27.450000762939453,27.38999938964844,23.404359817504883
26-01-2012,27.09000015258789,27.57999992370605,1027500,27.739999771118164,27.209999084472656,23.25055313110352
27-01-2012,28.940000534057617,29.040000915527344,3350400,30.799999237060547,30.059999465942383,25.685836791992188
30-01-2012,29.229999542236328,29.450000762939453,1497000,29.649999618530277,29.290000915527344,25.02787971496582
31-01-2012,28.899999618530277,29.13999938964844,924500,29.43000030517578,29.030000686645508,24.805713653564453
01-02-2012,28.670000076293945,29.030000686645508,1209100,29.51000022888184,29.13999938964844,24.89971160888672
02-02-2012,29.09000015258789,29.299999237060547,888300,29.440000534057617,29.18000030517578,24.933881759643555
03-02-2012,29.15999984741211,29.350000381469727,778300,29.65999984741211,29.600000381469727,25.29276466369629
06-02-2012,29.18000030517578,29.38999938964844,808500,29.59000015258789,29.350000381469727,25.07915687561035
07-02-2012,29.149999618530277,29.239999771118164,909600,29.739999771118164,29.68000030517578,25.36113548278809
08-02-2012,29.420000076293945,29.63999938964844,612900,29.770000457763672,29.729999542236328,25.40386009216309
09-02-2012,29.5,29.770000457763672,866900,29.950000762939453,29.920000076293945,25.56620979309082
10-02-2012,29.479999542236328,29.6200008392334,699900,29.809999465942383,29.729999542236328,25.40386009216309
13-02-2012,29.61000061035156,29.920000076293945,461400,29.959999084472656,29.8799991607666,25.532028198242188
14-02-2012,29.239999771118164,29.59000015258789,700300,29.59000015258789,29.350000381469727,25.07915687561035
15-02-2012,29.209999084472656,29.3700008392334,778100,29.88999938964844,29.399999618530277,25.12187385559082
16-02-2012,28.96999931335449,29.40999984741211,956800,29.46999931335449,29.40999984741211,25.13041877746582
17-02-2012,29.07999992370605,29.489999771118164,455000,29.57999992370605,29.11000061035156,24.87407493591309
21-02-2012,28.729999542236328,29.11000061035156,752000,29.36000061035156,28.940000534057617,24.728805541992188
22-02-2012,28.84000015258789,28.940000534057617,647400,29.299999237060547,28.96999931335449,24.75444602966309
23-02-2012,28.76000022888184,29.01000022888184,741600,29.049999237060547,28.8799991607666,24.67754173278809
24-02-2012,28.940000534057617,29.040000915527344,891700,29.420000076293945,29.420000076293945,25.13896751403809
27-02-2012,28.770000457763672,29.13999938964844,729800,29.530000686645508,29.420000076293945,25.13896751403809
28-02-2012,29.280000686645508,29.399999618530277,701800,29.670000076293945,29.440000534057617,25.15605354309082
29-02-2012,29.229999542236328,29.649999618530277,999900,29.799999237060547,29.299999237060547,25.036422729492188
01-03-2012,29.540000915527344,29.65999984741211,908800,29.959999084472656,29.850000381469727,25.50639533996582
02-03-2012,29.61000061035156,29.76000022888184,1641800,30.200000762939453,30.059999465942383,25.685836791992188
05-03-2012,29.709999084472656,30.15999984741211,881100,30.280000686645508,29.790000915527344,25.455127716064453
06-03-2012,29.0,29.5,639800,29.5,29.049999237060547,24.822803497314453
07-03-2012,28.940000534057617,29.15999984741211,770800,29.420000076293945,29.25,24.99370574951172
08-03-2012,29.5,29.600000381469727,603100,29.90999984741211,29.82999992370605,25.48930549621582
09-03-2012,29.670000076293945,29.780000686645508,484100,30.190000534057617,29.979999542236328,25.61747360229492
12-03-2012,29.920000076293945,29.989999771118164,758000,30.299999237060547,30.13999938964844,25.75419235229492
13-03-2012,30.18000030517578,30.309999465942383,968000,31.0,31.0,26.48905563354492
14-03-2012,30.88999938964844,31.0,1513200,31.5,31.46999931335449,26.890661239624023
15-03-2012,31.020000457763672,31.40999984741211,771800,31.63999938964844,31.600000381469727,27.00174331665039
16-03-2012,31.51000022888184,31.65999984741211,1000200,31.93000030517578,31.559999465942383,26.967565536499023
19-03-2012,31.549999237060547,31.559999465942383,1011100,32.130001068115234,31.96999931335449,27.31790351867676
20-03-2012,31.709999084472656,31.82999992370605,508900,32.029998779296875,31.86000061035156,27.22391128540039
21-03-2012,31.440000534057617,31.88999938964844,662900,31.899999618530277,31.63999938964844,27.03592300415039
22-03-2012,31.11000061035156,31.34000015258789,534900,31.5,31.43000030517578,26.85647964477539
23-03-2012,31.450000762939453,31.63999938964844,417300,31.799999237060547,31.700000762939453,27.08719253540039
26-03-2012,31.76000022888184,31.809999465942383,852700,32.0,31.989999771118164,27.334997177124023
27-03-2012,31.350000381469727,32.0,1317400,32.0,31.5,26.91629409790039
28-03-2012,30.530000686645508,31.06999969482422,1176200,31.100000381469727,30.959999084472656,26.454872131347656
29-03-2012,30.59000015258789,30.799999237060547,538500,31.09000015258789,30.989999771118164,26.480512619018555
30-03-2012,30.90999984741211,31.25,728400,31.32999992370605,30.90999984741211,26.41215133666992
02-04-2012,31.030000686645508,31.09000015258789,853100,31.40999984741211,31.06999969482422,26.54886817932129
03-04-2012,31.1200008392334,31.170000076293945,816300,31.65999984741211,31.520000457763672,26.93338203430176
04-04-2012,30.729999542236328,31.38999938964844,1224100,31.420000076293945,30.850000381469727,26.36088180541992
05-04-2012,30.56999969482422,30.75,572700,30.799999237060547,30.739999771118164,26.26689338684082
09-04-2012,30.11000061035156,30.26000022888184,598600,30.46999931335449,30.3700008392334,25.95072555541992
10-04-2012,29.790000915527344,30.34000015258789,572200,30.399999618530277,29.84000015258789,25.497852325439453
11-04-2012,30.21999931335449,30.21999931335449,852100,30.56999969482422,30.520000457763672,26.07890510559082
12-04-2012,30.600000381469727,30.600000381469727,617000,30.940000534057617,30.82999992370605,26.34379196166992
13-04-2012,30.209999084472656,30.899999618530277,1241500,31.040000915527344,30.290000915527344,25.882373809814453
16-04-2012,29.700000762939453,30.3700008392334,1117400,30.3700008392334,29.989999771118164,25.626022338867188
17-04-2012,30.170000076293945,30.170000076293945,707600,30.57999992370605,30.479999542236328,26.044721603393555
18-04-2012,30.3700008392334,30.399999618530277,490500,30.71999931335449,30.43000030517578,26.00199508666992
19-04-2012,29.979999542236328,30.46999931335449,987400,30.600000381469727,30.229999542236328,25.831100463867188
20-04-2012,30.34000015258789,30.34000015258789,476400,30.729999542236328,30.5,26.06180953979492
23-04-2012,30.07999992370605,30.26000022888184,803900,30.51000022888184,30.46999931335449,26.036170959472656
24-04-2012,30.709999084472656,30.709999084472656,1063900,31.420000076293945,31.25,26.70267868041992
25-04-2012,31.3700008392334,31.59000015258789,726100,31.90999984741211,31.709999084472656,27.09573173522949
26-04-2012,31.36000061035156,31.59000015258789,928100,32.150001525878906,32.04999923706055,27.38626480102539
27-04-2012,33.130001068115234,34.150001525878906,2868200,34.5,34.11000061035156,29.146503448486328
30-04-2012,33.7400016784668,33.79999923706055,1562700,34.310001373291016,34.0099983215332,29.061050415039062
01-05-2012,33.290000915527344,33.63999938964844,1348300,34.59000015258789,34.439998626708984,29.428485870361328
02-05-2012,33.90999984741211,34.09000015258789,1762200,35.130001068115234,35.0099983215332,29.9155330657959
03-05-2012,34.34000015258789,34.790000915527344,911600,34.86000061035156,34.400001525878906,29.394309997558597
04-05-2012,33.689998626708984,33.91999816894531,1831100,34.099998474121094,33.810001373291016,28.89015769958496
07-05-2012,33.25,33.599998474121094,1060000,33.88999938964844,33.79999923706055,28.881610870361328
08-05-2012,32.880001068115234,33.27000045776367,1617600,33.560001373291016,33.41999816894531,28.556909561157227
09-05-2012,32.93000030517578,33.06999969482422,1323200,33.7400016784668,33.560001373291016,28.676532745361328
10-05-2012,33.79999923706055,33.86000061035156,1229200,34.400001525878906,34.20000076293945,29.22340202331543
11-05-2012,33.650001525878906,33.939998626708984,679200,34.099998474121094,33.709999084472656,28.804712295532227
14-05-2012,33.04999923706055,33.380001068115234,1512300,33.52000045776367,33.36000061035156,28.505634307861328
15-05-2012,33.869998931884766,34.0099983215332,1318000,34.16999816894531,34.029998779296875,29.078147888183597
16-05-2012,33.0099983215332,33.529998779296875,1287300,33.630001068115234,33.209999084472656,28.377466201782227
17-05-2012,32.099998474121094,33.040000915527344,1072300,33.040000915527344,32.099998474121094,27.42898178100586
18-05-2012,31.649999618530277,32.25,1016500,32.41999816894531,31.649999618530277,27.04446792602539
21-05-2012,31.31999969482422,31.75,1192700,32.2400016784668,32.220001220703125,27.531530380249023
22-05-2012,31.93000030517578,32.2599983215332,805100,32.63999938964844,32.16999816894531,27.488805770874023
23-05-2012,31.700000762939453,31.959999084472656,839000,32.18000030517578,32.13999938964844,27.463172912597656
24-05-2012,31.739999771118164,32.099998474121094,1065400,32.15999984741211,32.09000015258789,27.420440673828125
25-05-2012,31.40999984741211,31.88999938964844,1051900,31.96999931335449,31.57999992370605,26.984655380249023
29-05-2012,31.239999771118164,31.57999992370605,1606100,31.780000686645508,31.38999938964844,26.82229804992676
30-05-2012,30.790000915527344,31.06999969482422,1355600,31.190000534057617,31.1200008392334,26.591590881347656
31-05-2012,30.600000381469727,31.0,1175400,31.149999618530277,30.979999542236328,26.47196388244629
01-06-2012,30.239999771118164,30.440000534057617,1377600,30.88999938964844,30.559999465942383,26.113075256347656
04-06-2012,30.020000457763672,30.51000022888184,1223100,30.6299991607666,30.420000076293945,25.993452072143555
05-06-2012,29.8700008392334,29.96999931335449,1064900,30.979999542236328,30.8700008392334,26.37797164916992
06-06-2012,31.07999992370605,31.100000381469727,802600,31.84000015258789,31.76000022888184,27.13846015930176
07-06-2012,31.90999984741211,32.16999816894531,1004100,32.22999954223633,31.959999084472656,27.309362411499023
08-06-2012,31.3799991607666,31.700000762939453,1227400,32.09000015258789,32.04999923706055,27.38626480102539
11-06-2012,31.65999984741211,32.41999816894531,535100,32.439998626708984,31.670000076293945,27.06155586242676
12-06-2012,31.729999542236328,31.82999992370605,1260300,32.29999923706055,32.16999816894531,27.488805770874023
13-06-2012,31.8700008392334,32.099998474121094,476000,32.470001220703125,31.96999931335449,27.31790351867676
14-06-2012,31.61000061035156,31.920000076293945,1306800,32.0,31.790000915527344,27.16410255432129
15-06-2012,31.649999618530277,31.81999969482422,1329000,31.979999542236328,31.790000915527344,27.16410255432129
18-06-2012,31.479999542236328,31.6200008392334,1060700,32.119998931884766,32.060001373291016,27.39480781555176
19-06-2012,31.799999237060547,31.959999084472656,1647400,32.880001068115234,32.459999084472656,27.73660087585449
20-06-2012,32.209999084472656,32.40999984741211,911600,32.52000045776367,32.36000061035156,27.65114974975586
21-06-2012,30.950000762939453,32.41999816894531,776200,32.439998626708984,30.979999542236328,26.47196388244629
22-06-2012,30.86000061035156,31.0,857000,31.549999237060547,31.43000030517578,26.85647964477539
25-06-2012,30.440000534057617,31.049999237060547,639200,31.07999992370605,30.540000915527344,26.095985412597656
26-06-2012,30.18000030517578,30.57999992370605,507700,30.670000076293945,30.479999542236328,26.044721603393555
27-06-2012,30.459999084472656,30.520000457763672,613700,30.82999992370605,30.540000915527344,26.095985412597656
28-06-2012,29.81999969482422,30.549999237060547,1375500,30.59000015258789,30.229999542236328,25.831100463867188
29-06-2012,31.149999618530277,31.149999618530277,1231100,31.59000015258789,31.200000762939453,26.65994644165039
02-07-2012,30.84000015258789,31.09000015258789,768100,31.190000534057617,31.190000534057617,26.651405334472656
03-07-2012,30.86000061035156,31.13999938964844,430100,31.15999984741211,30.940000534057617,26.437780380249023
05-07-2012,30.739999771118164,30.799999237060547,847500,31.11000061035156,30.93000030517578,26.42923927307129
06-07-2012,30.5,30.690000534057617,443500,30.940000534057617,30.86000061035156,26.369422912597656
09-07-2012,30.799999237060547,30.82999992370605,745200,31.059999465942383,31.01000022888184,26.49759292602539
10-07-2012,30.770000457763672,31.0,699200,31.530000686645508,30.850000381469727,26.36088180541992
11-07-2012,30.700000762939453,30.850000381469727,602500,31.34000015258789,31.270000457763672,26.719762802124023
12-07-2012,31.040000915527344,31.040000915527344,678200,31.5,31.40999984741211,26.839391708374023
13-07-2012,31.43000030517578,31.549999237060547,600300,31.96999931335449,31.8700008392334,27.232452392578125
16-07-2012,31.459999084472656,31.780000686645508,539800,31.82999992370605,31.68000030517578,27.070098876953125
17-07-2012,31.799999237060547,31.90999984741211,626500,32.400001525878906,32.369998931884766,27.659698486328125
18-07-2012,32.060001373291016,32.2599983215332,618200,32.47999954223633,32.29999923706055,27.59988784790039
19-07-2012,31.420000076293945,32.04999923706055,737600,32.099998474121094,31.920000076293945,27.27517890930176
20-07-2012,31.07999992370605,31.709999084472656,656600,31.979999542236328,31.309999465942383,26.753942489624023
23-07-2012,30.38999938964844,30.71999931335449,406000,30.729999542236328,30.6299991607666,26.172895431518555
24-07-2012,30.450000762939453,30.57999992370605,580900,30.84000015258789,30.68000030517578,26.21561622619629
25-07-2012,30.6299991607666,30.63999938964844,503600,31.059999465942383,30.8700008392334,26.37797164916992
26-07-2012,30.520000457763672,31.11000061035156,744200,31.34000015258789,30.68000030517578,26.21561622619629
27-07-2012,30.979999542236328,30.979999542236328,739900,32.09000015258789,31.86000061035156,27.22391128540039
30-07-2012,31.549999237060547,31.959999084472656,728500,32.060001373291016,31.71999931335449,27.10428047180176
31-07-2012,31.549999237060547,31.75,617500,32.099998474121094,31.559999465942383,26.967565536499023
01-08-2012,31.5,31.8700008392334,491000,31.989999771118164,31.61000061035156,27.010290145874023
02-08-2012,30.979999542236328,31.280000686645508,963600,31.989999771118164,31.82999992370605,27.19827461242676
03-08-2012,34.5,34.61000061035156,2954000,36.0,35.650001525878906,30.46240997314453
06-08-2012,35.22999954223633,35.66999816894531,1344800,35.93000030517578,35.290000915527344,30.15479850769043
07-08-2012,35.38999938964844,35.61000061035156,1414900,36.34000015258789,35.779998779296875,30.57350349426269
08-08-2012,35.47999954223633,35.81999969482422,958400,36.150001525878906,35.59000015258789,30.411148071289062
09-08-2012,35.58000183105469,35.7400016784668,1242500,35.970001220703125,35.7599983215332,30.5564079284668
10-08-2012,35.619998931884766,35.70000076293945,914100,35.97999954223633,35.88999938964844,30.6674919128418
13-08-2012,35.72999954223633,35.9900016784668,746800,36.2599983215332,36.2599983215332,30.9836368560791
14-08-2012,36.310001373291016,36.41999816894531,539200,36.66999816894531,36.45000076293945,31.145999908447266
15-08-2012,36.31999969482422,36.369998931884766,419200,36.86000061035156,36.790000915527344,31.436521530151367
16-08-2012,36.29999923706055,36.869998931884766,782700,37.0,36.880001068115234,31.51342391967773
17-08-2012,36.52000045776367,36.93999862670898,818100,37.0,36.900001525878906,31.530519485473636
20-08-2012,36.77000045776367,36.77000045776367,1049700,37.33000183105469,37.15999984741211,31.752674102783203
21-08-2012,37.15999984741211,37.34999847412109,933000,37.810001373291016,37.61000061035156,32.137203216552734
22-08-2012,36.68999862670898,37.38999938964844,849600,37.45000076293945,37.060001373291016,31.6672477722168
23-08-2012,36.47999954223633,36.97999954223633,661700,37.02000045776367,36.790000915527344,31.436521530151367
24-08-2012,36.650001525878906,36.83000183105469,503900,37.310001373291016,37.22999954223633,31.81249618530273
27-08-2012,37.06999969482422,37.29999923706055,716100,37.4900016784668,37.34999847412109,31.91503143310547
28-08-2012,37.220001220703125,37.29999923706055,910400,37.59000015258789,37.5099983215332,32.0517463684082
29-08-2012,37.400001525878906,37.459999084472656,567400,37.84999847412109,37.7400016784668,32.2482795715332
30-08-2012,37.22999954223633,37.43000030517578,638900,37.560001373291016,37.43000030517578,31.9834041595459
31-08-2012,37.310001373291016,37.72999954223633,676500,37.790000915527344,37.56999969482422,32.1030158996582
04-09-2012,37.7400016784668,37.77999877929688,1652400,39.61000061035156,39.18999862670898,33.487281799316406
05-09-2012,38.0,38.45000076293945,1192500,38.630001068115234,38.45000076293945,32.99811172485352
06-09-2012,38.709999084472656,38.720001220703125,1073500,39.66999816894531,39.52999877929688,33.92497634887695
07-09-2012,39.27999877929688,39.38999938964844,839300,39.790000915527344,39.70000076293945,34.07087326049805
10-09-2012,39.31999969482422,39.630001068115234,847800,39.77999877929688,39.38999938964844,33.80482864379883
11-09-2012,39.27000045776367,39.38999938964844,783000,39.58000183105469,39.5099983215332,33.90781784057617
12-09-2012,39.43999862670898,39.72999954223633,620600,39.88999938964844,39.5,33.899227142333984
13-09-2012,39.27999877929688,39.720001220703125,800900,39.9900016784668,39.77999877929688,34.1395263671875
14-09-2012,39.290000915527344,39.83000183105469,941500,39.900001525878906,39.619998931884766,34.002220153808594
17-09-2012,38.81999969482422,38.97999954223633,1377100,39.20000076293945,39.0,33.47012710571289
18-09-2012,38.869998931884766,39.0,980600,39.36000061035156,39.0,33.47012710571289
19-09-2012,38.93999862670898,39.0099983215332,434400,39.40999984741211,39.27999877929688,33.710418701171875
20-09-2012,38.86000061035156,39.02999877929688,452100,39.41999816894531,39.33000183105469,33.75334167480469
21-09-2012,39.27000045776367,39.79999923706055,1218600,39.79999923706055,39.27999877929688,33.710418701171875
24-09-2012,39.06999969482422,39.18999862670898,675900,39.84000015258789,39.70000076293945,34.07087326049805
25-09-2012,39.9900016784668,40.11000061035156,975300,40.619998931884766,40.0099983215332,34.3369255065918
26-09-2012,39.84000015258789,39.9900016784668,850600,40.400001525878906,40.0099983215332,34.3369255065918
27-09-2012,39.93000030517578,40.22999954223633,904300,40.619998931884766,40.29999923706055,34.58578872680664
28-09-2012,40.040000915527344,40.34999847412109,1052200,40.68000030517578,40.470001220703125,34.731689453125
01-10-2012,40.16999816894531,40.63999938964844,1363800,40.83000183105469,40.380001068115234,34.65445327758789
02-10-2012,40.47999954223633,40.54999923706055,1001600,41.2400016784668,41.08000183105469,35.25519561767578
03-10-2012,40.79999923706055,41.18999862670898,1522500,41.18999862670898,40.84000015258789,35.04924011230469
04-10-2012,40.13999938964844,40.90999984741211,1602400,41.220001220703125,40.91999816894531,35.117881774902344
05-10-2012,40.81999969482422,41.09999847412109,773900,41.52999877929688,40.93000030517578,35.126468658447266
08-10-2012,40.61000061035156,40.9900016784668,463400,41.08000183105469,40.7400016784668,34.96340560913086
09-10-2012,39.81999969482422,40.54999923706055,1161400,40.54999923706055,39.91999816894531,34.25968170166016
10-10-2012,39.58000183105469,39.84000015258789,939100,40.06999969482422,39.84000015258789,34.19101333618164
11-10-2012,40.119998931884766,40.2400016784668,682400,40.43999862670898,40.130001068115234,34.43989944458008
12-10-2012,39.9900016784668,40.130001068115234,489500,40.34000015258789,40.11000061035156,34.4227409362793
15-10-2012,40.0099983215332,40.20000076293945,536900,40.45000076293945,40.41999816894531,34.688777923583984
16-10-2012,40.41999816894531,40.52000045776367,649200,41.150001525878906,40.93000030517578,35.126468658447266
17-10-2012,40.58000183105469,40.900001525878906,636800,41.209999084472656,41.04999923706055,35.22944641113281
18-10-2012,40.43000030517578,41.04999923706055,1003200,41.09999847412109,40.650001525878906,34.886165618896484
19-10-2012,39.9900016784668,40.54999923706055,1232300,40.720001220703125,40.11000061035156,34.4227409362793
22-10-2012,39.79999923706055,40.02000045776367,1184100,40.540000915527344,40.43000030517578,34.69736099243164
23-10-2012,40.02000045776367,40.20000076293945,1403900,40.869998931884766,40.70000076293945,34.929080963134766
24-10-2012,40.79999923706055,40.869998931884766,2214200,42.29999923706055,41.88999938964844,35.95035552978516
25-10-2012,40.959999084472656,41.59000015258789,2584700,41.95000076293945,41.34000015258789,35.47833251953125
26-10-2012,38.290000915527344,41.13999938964844,4521800,41.84000015258789,39.91999816894531,34.25968170166016
31-10-2012,39.290000915527344,39.86000061035156,1708000,40.47999954223633,39.93999862670898,34.276832580566406
01-11-2012,39.59000015258789,40.02999877929688,1736300,40.970001220703125,40.7599983215332,34.98057174682617
02-11-2012,40.310001373291016,40.959999084472656,1258900,40.959999084472656,40.31999969482422,34.602962493896484
05-11-2012,40.2599983215332,40.31999969482422,860900,40.880001068115234,40.77999877929688,34.99773406982422
06-11-2012,40.93999862670898,41.290000915527344,1183400,41.84000015258789,41.54999923706055,35.65855407714844
07-11-2012,40.65999984741211,41.29999923706055,1059400,41.470001220703125,41.119998931884766,35.28953170776367
08-11-2012,40.34999847412109,41.0,811600,41.18999862670898,40.540000915527344,34.791770935058594
09-11-2012,40.380001068115234,40.5,878300,41.0099983215332,40.72999954223633,34.954830169677734
12-11-2012,39.310001373291016,40.97999954223633,1262500,40.97999954223633,39.880001068115234,34.2253532409668
13-11-2012,39.310001373291016,39.7599983215332,1051500,39.90999984741211,39.369998931884766,33.78767395019531
14-11-2012,38.720001220703125,39.41999816894531,1197100,39.65999984741211,38.81999969482422,33.315635681152344
15-11-2012,38.709999084472656,38.81999969482422,2083800,39.310001373291016,38.97999954223633,33.45296096801758
16-11-2012,38.08000183105469,38.61000061035156,1955200,39.31999969482422,39.09999847412109,33.70294189453125
19-11-2012,39.400001525878906,39.61000061035156,1772200,40.72999954223633,40.720001220703125,35.099327087402344
20-11-2012,39.72999954223633,40.34000015258789,2078800,40.36000061035156,40.18999862670898,34.64247512817383
21-11-2012,39.709999084472656,40.13999938964844,1495500,40.2599983215332,40.060001373291016,34.53042221069336
23-11-2012,39.93000030517578,40.2599983215332,591300,40.56999969482422,40.5,34.90968704223633
26-11-2012,40.0,40.36000061035156,1488500,40.52999877929688,40.5099983215332,34.91830825805664
27-11-2012,40.54999923706055,40.54999923706055,1910400,41.47999954223633,41.13999938964844,35.46134185791016
28-11-2012,40.68000030517578,41.02999877929688,1186100,41.18999862670898,41.16999816894531,35.48719787597656
29-11-2012,40.560001373291016,41.41999816894531,1615200,41.47999954223633,41.27999877929688,35.58201599121094
30-11-2012,40.900001525878906,41.2599983215332,5949300,41.40999984741211,41.09000015258789,35.41824722290039
03-12-2012,40.560001373291016,41.2400016784668,931300,41.31999969482422,40.68000030517578,35.06484603881836
04-12-2012,40.54999923706055,40.7599983215332,489200,41.02999877929688,40.86000061035156,35.219993591308594
05-12-2012,40.619998931884766,40.93999862670898,684900,41.220001220703125,40.70000076293945,35.08208084106445
06-12-2012,40.7400016784668,40.84000015258789,654900,41.29999923706055,41.130001068115234,35.45272445678711
07-12-2012,41.220001220703125,41.310001373291016,678200,41.810001373291016,41.52999877929688,35.79751205444336
10-12-2012,41.43000030517578,41.45000076293945,569300,41.72999954223633,41.540000915527344,35.80612564086914
11-12-2012,41.54999923706055,41.63999938964844,811800,42.18000030517578,42.08000183105469,36.2716064453125
12-12-2012,42.33000183105469,42.34999847412109,795800,42.91999816894531,42.47999954223633,36.61637878417969
13-12-2012,41.540000915527344,42.540000915527344,684600,42.56999969482422,41.68000030517578,35.92680358886719
14-12-2012,41.36000061035156,41.709999084472656,680700,42.22999954223633,41.970001220703125,36.17677307128906
17-12-2012,42.0099983215332,42.040000915527344,563400,42.56999969482422,42.43000030517578,36.573280334472656
18-12-2012,42.18999862670898,42.5,574400,42.84999847412109,42.77000045776367,36.86634826660156
19-12-2012,42.119998931884766,42.720001220703125,551100,42.90999984741211,42.119998931884766,36.30607986450195
20-12-2012,41.970001220703125,42.18999862670898,606600,42.93999862670898,42.2400016784668,36.409515380859375
21-12-2012,40.84999847412109,41.54999923706055,1724000,41.59999847412109,41.52000045776367,35.78889465332031
24-12-2012,41.34999847412109,41.45000076293945,183000,41.61000061035156,41.5,35.77165222167969
26-12-2012,41.0,41.61000061035156,381700,41.61000061035156,41.130001068115234,35.45272445678711
27-12-2012,40.70000076293945,41.20000076293945,571700,41.40999984741211,41.220001220703125,35.53030014038086
28-12-2012,40.810001373291016,41.02999877929688,380400,41.380001068115234,40.90999984741211,35.26309585571289
31-12-2012,40.79999923706055,40.90999984741211,639300,41.77000045776367,41.56999969482422,35.83198165893555
02-01-2013,42.150001525878906,42.45000076293945,645800,42.79999923706055,42.47999954223633,36.61637878417969
03-01-2013,42.34999847412109,42.400001525878906,673500,42.790000915527344,42.709999084472656,36.81464385986328
04-01-2013,42.619998931884766,42.70000076293945,408800,43.060001373291016,42.86000061035156,36.94393157958984
07-01-2013,42.79999923706055,42.79999923706055,470300,43.130001068115234,43.0,37.06460571289063
08-01-2013,42.88999938964844,43.27999877929688,752000,43.47999954223633,43.459999084472656,37.46110534667969
09-01-2013,43.5,43.5099983215332,780200,44.31999969482422,43.810001373291016,37.7628173828125
10-01-2013,43.68000030517578,44.06999969482422,347000,44.18999862670898,44.060001373291016,37.97829055786133
11-01-2013,43.5,44.150001525878906,805600,44.470001220703125,43.65999984741211,37.63349914550781
14-01-2013,43.540000915527344,43.77000045776367,421400,43.90999984741211,43.75,37.71109008789063
15-01-2013,43.59999847412109,43.790000915527344,827300,44.11000061035156,43.93999862670898,37.87485504150391
16-01-2013,44.060001373291016,44.220001220703125,1078800,44.650001525878906,44.54999923706055,38.40066146850586
17-01-2013,44.040000915527344,44.52999877929688,911100,44.52999877929688,44.369998931884766,38.24550247192383
18-01-2013,44.2400016784668,44.5,672100,44.75,44.59000015258789,38.43513107299805
22-01-2013,44.150001525878906,44.77999877929688,1576800,45.0,45.0,38.78854751586914
23-01-2013,44.31999969482422,44.86000061035156,1541100,45.45000076293945,45.130001068115234,38.90058898925781
24-01-2013,44.900001525878906,45.16999816894531,943500,45.619998931884766,45.470001220703125,39.19365692138672
25-01-2013,46.86000061035156,46.86000061035156,3285200,48.470001220703125,48.310001373291016,41.64166259765625
28-01-2013,48.02000045776367,48.209999084472656,1123300,48.43000030517578,48.369998931884766,41.69336318969727
29-01-2013,47.18999862670898,47.970001220703125,1679500,47.9900016784668,47.54999923706055,40.9865608215332
30-01-2013,46.75,47.61000061035156,1467300,48.04999923706055,46.84000015258789,40.37456893920898
31-01-2013,43.29999923706055,43.970001220703125,3358600,43.970001220703125,43.79999923706055,37.75416946411133
01-02-2013,44.20000076293945,44.65999984741211,1429200,45.16999816894531,44.470001220703125,38.33170318603516
04-02-2013,44.02999877929688,44.27000045776367,971500,44.5099983215332,44.38999938964844,38.262733459472656
05-02-2013,44.150001525878906,44.560001373291016,1147000,44.72999954223633,44.29999923706055,38.1851692199707
06-02-2013,44.119998931884766,44.2400016784668,641300,44.36000061035156,44.34000015258789,38.21965408325195
07-02-2013,43.93000030517578,44.29999923706055,844400,44.5,44.25,38.142066955566406
08-02-2013,44.0,44.33000183105469,788800,44.380001068115234,44.09000015258789,38.00415802001953
11-02-2013,43.38999938964844,43.90999984741211,755900,43.93000030517578,43.59999847412109,37.581790924072266
12-02-2013,43.5,43.52000045776367,1052100,43.7400016784668,43.650001525878906,37.62490081787109
13-02-2013,43.29999923706055,43.790000915527344,1160100,43.84000015258789,43.540000915527344,37.530067443847656
14-02-2013,42.650001525878906,43.2599983215332,1085000,43.400001525878906,43.18000030517578,37.36565017700195
15-02-2013,42.61000061035156,43.209999084472656,979200,43.369998931884766,42.65999984741211,36.91567993164063
19-02-2013,42.61000061035156,43.08000183105469,1420800,43.310001373291016,43.2400016784668,37.417572021484375
20-02-2013,42.869998931884766,43.47999954223633,1325100,43.810001373291016,42.88999938964844,37.11470413208008
21-02-2013,41.97999954223633,42.70000076293945,852200,42.81999969482422,42.36000061035156,36.656063079833984
22-02-2013,42.77999877929688,42.77999877929688,1496800,43.619998931884766,43.130001068115234,37.322383880615234
25-02-2013,42.790000915527344,43.27999877929688,848900,43.630001068115234,42.790000915527344,37.02817535400391
26-02-2013,43.0,43.0099983215332,892400,43.459999084472656,43.13999938964844,37.33103942871094
27-02-2013,42.7599983215332,43.0,516800,43.77000045776367,43.70000076293945,37.81562805175781
28-02-2013,43.59999847412109,43.619998931884766,1540300,44.810001373291016,44.4900016784668,38.49925231933594
01-03-2013,43.43000030517578,44.11000061035156,1153000,44.290000915527344,43.630001068115234,37.75506591796875
04-03-2013,43.310001373291016,43.310001373291016,567500,44.18000030517578,44.11000061035156,38.17041778564453
05-03-2013,44.220001220703125,44.220001220703125,1013700,45.4900016784668,45.16999816894531,39.08769226074219
06-03-2013,44.81999969482422,45.33000183105469,682800,45.650001525878906,45.0099983215332,38.94923400878906
07-03-2013,43.29999923706055,44.79999923706055,1794000,44.84999847412109,43.66999816894531,37.7896614074707
08-03-2013,43.630001068115234,43.93000030517578,802400,44.22999954223633,43.75,37.8589096069336
11-03-2013,43.459999084472656,43.709999084472656,1383600,44.119998931884766,43.84999847412109,37.9454345703125
12-03-2013,43.41999816894531,43.90999984741211,1498600,43.90999984741211,43.70000076293945,37.81562805175781
13-03-2013,43.33000183105469,43.84000015258789,1391500,43.86000061035156,43.38999938964844,37.5473747253418
14-03-2013,43.27000045776367,43.560001373291016,958100,43.810001373291016,43.7400016784668,37.85023880004883
15-03-2013,43.31999969482422,43.7400016784668,946100,43.93000030517578,43.369998931884766,37.530067443847656
18-03-2013,42.90999984741211,43.02999877929688,987300,43.79999923706055,43.59000015258789,37.7204475402832
19-03-2013,43.400001525878906,43.7400016784668,695000,44.220001220703125,43.93000030517578,38.0146598815918
20-03-2013,44.220001220703125,44.29999923706055,754100,44.72999954223633,44.650001525878906,38.6377067565918
21-03-2013,44.18999862670898,44.29999923706055,899800,44.630001068115234,44.34999847412109,38.37811279296875
22-03-2013,44.130001068115234,44.41999816894531,838200,44.68000030517578,44.15999984741211,38.21369171142578
25-03-2013,43.220001220703125,44.310001373291016,1246700,44.369998931884766,43.54999923706055,37.68582534790039
26-03-2013,43.959999084472656,43.959999084472656,1341000,45.45000076293945,45.290000915527344,39.1915283203125
27-03-2013,45.04999923706055,45.15999984741211,1295100,46.20000076293945,45.869998931884766,39.69342422485352
28-03-2013,45.470001220703125,45.84999847412109,1161500,46.400001525878906,46.36000061035156,40.11744689941406
01-04-2013,45.810001373291016,46.66999816894531,745300,46.66999816894531,46.34999847412109,40.10879898071289
02-04-2013,46.130001068115234,46.33000183105469,1470300,46.75,46.400001525878906,40.15206909179688
03-04-2013,45.9900016784668,46.34000015258789,1461900,46.54999923706055,46.02999877929688,39.83189010620117
04-04-2013,45.790000915527344,46.18999862670898,663900,46.58000183105469,46.4900016784668,40.22995376586914
05-04-2013,45.43999862670898,45.75,935600,46.81999969482422,46.77000045776367,40.47225189208984
08-04-2013,46.0,46.52999877929688,1002600,46.70000076293945,46.380001068115234,40.13475799560547
09-04-2013,45.97999954223633,45.97999954223633,872400,46.83000183105469,46.27999877929688,40.04822540283203
10-04-2013,45.77000045776367,46.27000045776367,1239400,46.290000915527344,45.9900016784668,39.79727935791016
11-04-2013,45.9900016784668,46.04999923706055,1129300,46.77000045776367,46.16999816894531,39.95303726196289
12-04-2013,45.59999847412109,46.13999938964844,707400,46.63999938964844,45.72999954223633,39.57229232788086
15-04-2013,44.040000915527344,45.63999938964844,1192600,45.72999954223633,44.040000915527344,38.10984802246094
16-04-2013,44.619998931884766,44.68999862670898,1187000,45.119998931884766,44.88999938964844,38.845401763916016
17-04-2013,44.0099983215332,44.68000030517578,661900,44.68000030517578,44.5,38.50790786743164
18-04-2013,44.02000045776367,44.56999969482422,451200,44.7400016784668,44.040000915527344,38.10984802246094
19-04-2013,43.900001525878906,44.119998931884766,1299500,44.369998931884766,44.02000045776367,38.092552185058594
22-04-2013,44.310001373291016,44.45000076293945,1225100,45.59999847412109,45.470001220703125,39.3472900390625
23-04-2013,45.38999938964844,45.470001220703125,1124100,46.59999847412109,46.22999954223633,40.00496292114258
24-04-2013,45.720001220703125,46.130001068115234,923100,46.43000030517578,45.75,39.589599609375
25-04-2013,45.41999816894531,45.790000915527344,1365100,46.09999847412109,45.52000045776367,39.390567779541016
26-04-2013,45.220001220703125,45.4900016784668,1741000,46.869998931884766,46.150001525878906,39.93574142456055
29-04-2013,46.95000076293945,46.95000076293945,1510600,47.61000061035156,47.18000030517578,40.8270378112793
30-04-2013,47.290000915527344,47.380001068115234,1599600,48.02999877929688,48.02000045776367,41.55391693115234
01-05-2013,47.33000183105469,48.0,977700,48.16999816894531,47.400001525878906,41.01742172241211
02-05-2013,47.41999816894531,47.43999862670898,1040200,47.84000015258789,47.619998931884766,41.20777893066406
03-05-2013,47.75,48.04999923706055,781300,48.150001525878906,47.88999938964844,41.44143295288086
06-05-2013,47.43000030517578,47.790000915527344,1008600,47.88999938964844,47.4900016784668,41.09529876708984
07-05-2013,47.27000045776367,47.4900016784668,818300,47.79999923706055,47.79999923706055,41.36355209350586
08-05-2013,48.810001373291016,49.0,1640200,49.83000183105469,49.83000183105469,43.12019729614258
09-05-2013,49.40999984741211,49.58000183105469,1207100,50.29999923706055,50.150001525878906,43.39712142944336
10-05-2013,49.93999862670898,50.0,777800,50.81999969482422,50.77000045776367,43.933631896972656
13-05-2013,50.560001373291016,50.56999969482422,775800,51.220001220703125,50.88999938964844,44.0374755859375
14-05-2013,50.77999877929688,50.84999847412109,725900,51.400001525878906,51.16999816894531,44.27976608276367
15-05-2013,50.22999954223633,50.93999862670898,836600,50.93999862670898,50.540000915527344,43.7346076965332
16-05-2013,49.369998931884766,49.540000915527344,1053900,50.18000030517578,49.79999923706055,43.09425354003906
17-05-2013,49.7599983215332,49.91999816894531,472800,50.27999877929688,50.06999969482422,43.47629928588867
20-05-2013,49.84999847412109,49.9900016784668,427700,50.38999938964844,49.97999954223633,43.39815139770508
21-05-2013,49.59000015258789,49.7599983215332,540700,50.22999954223633,50.08000183105469,43.48497772216797
22-05-2013,49.560001373291016,50.09999847412109,605800,50.810001373291016,49.720001220703125,43.172393798828125
23-05-2013,49.29999923706055,49.4900016784668,777100,50.119998931884766,50.02000045776367,43.432884216308594
24-05-2013,49.04999923706055,49.56999969482422,611500,49.59000015258789,49.43000030517578,42.92058181762695
28-05-2013,49.400001525878906,49.84999847412109,1170700,50.209999084472656,49.77000045776367,43.2158088684082
29-05-2013,49.59999847412109,49.9900016784668,857500,50.11000061035156,49.75,43.19843673706055
30-05-2013,49.650001525878906,49.900001525878906,400600,50.130001068115234,49.84000015258789,43.27659225463867
31-05-2013,47.95000076293945,49.68999862670898,1476500,49.900001525878906,48.0,41.67890548706055
03-06-2013,45.93000030517578,47.959999084472656,2056200,48.0,47.220001220703125,41.00161743164063
04-06-2013,47.38999938964844,47.63999938964844,1495000,48.45000076293945,47.52999877929688,41.27079391479492
05-06-2013,46.630001068115234,47.81999969482422,778300,48.15999984741211,46.72999954223633,40.57614135742188
06-06-2013,44.88999938964844,46.4900016784668,2713000,46.5,45.540000915527344,39.5428581237793
07-06-2013,45.63999938964844,46.11000061035156,1299700,46.470001220703125,45.7400016784668,39.71652221679688
10-06-2013,45.380001068115234,45.869998931884766,596200,46.0,45.90999984741211,39.864139556884766
11-06-2013,44.95000076293945,45.06999969482422,1221800,46.869998931884766,46.79999923706055,40.63692474365234
12-06-2013,46.709999084472656,47.2599983215332,764500,47.70000076293945,46.77000045776367,40.61088943481445
13-06-2013,46.40999984741211,46.880001068115234,651100,47.90999984741211,47.810001373291016,41.51392364501953
14-06-2013,46.970001220703125,47.65999984741211,506200,47.88999938964844,47.34000015258789,41.10581207275391
17-06-2013,47.47999954223633,47.790000915527344,683400,48.2599983215332,47.86000061035156,41.55733871459961
18-06-2013,47.38999938964844,47.65999984741211,591900,47.93000030517578,47.65999984741211,41.3836784362793
19-06-2013,47.310001373291016,47.66999816894531,623100,48.310001373291016,47.34000015258789,41.10581207275391
20-06-2013,45.31999969482422,46.880001068115234,1578100,47.77999877929688,47.2400016784668,41.01899719238281
21-06-2013,47.13999938964844,48.56999969482422,2313200,48.630001068115234,48.369998931884766,42.00017547607422
24-06-2013,47.16999816894531,47.43000030517578,1107500,48.34000015258789,48.11000061035156,41.77442169189453
25-06-2013,47.18000030517578,48.0,1006700,48.400001525878906,47.2400016784668,41.01899719238281
26-06-2013,47.0099983215332,47.16999816894531,731600,47.43999862670898,47.119998931884766,40.91477966308594
27-06-2013,46.72999954223633,47.38999938964844,695500,47.47999954223633,46.7400016784668,40.5848274230957
28-06-2013,45.119998931884766,46.290000915527344,2121400,46.290000915527344,45.130001068115234,39.18684768676758
01-07-2013,44.15999984741211,45.18999862670898,2526600,45.5099983215332,44.68999862670898,38.80479431152344
02-07-2013,44.59999847412109,44.97999954223633,717700,45.310001373291016,44.810001373291016,38.908992767333984
03-07-2013,44.22999954223633,44.84000015258789,954500,45.0099983215332,44.59000015258789,38.71794891357422
05-07-2013,44.5,45.06999969482422,569300,45.20000076293945,44.90999984741211,38.99581146240234
08-07-2013,44.63999938964844,45.09999847412109,927900,45.150001525878906,44.68999862670898,38.80479431152344
09-07-2013,43.7599983215332,44.709999084472656,1556200,44.88999938964844,43.790000915527344,38.023319244384766
10-07-2013,43.18999862670898,43.95000076293945,1819900,44.560001373291016,43.2599983215332,37.5631103515625
11-07-2013,43.93000030517578,44.40999984741211,1220900,44.75,44.34999847412109,38.509578704833984
12-07-2013,44.459999084472656,44.68000030517578,957800,45.09999847412109,44.630001068115234,38.752685546875
15-07-2013,44.61000061035156,44.72999954223633,698700,45.22999954223633,45.040000915527344,39.10870361328125
16-07-2013,45.060001373291016,45.36000061035156,921600,45.63999938964844,45.13999938964844,39.19552993774414
17-07-2013,44.65999984741211,45.380001068115234,1327400,45.59000015258789,45.130001068115234,39.18684768676758
18-07-2013,44.77000045776367,45.06999969482422,635400,45.40999984741211,44.790000915527344,38.89162826538086
19-07-2013,44.59999847412109,44.70000076293945,1148400,45.650001525878906,45.47999954223633,39.49075698852539
22-07-2013,45.369998931884766,45.400001525878906,721200,45.810001373291016,45.5,39.50812911987305
23-07-2013,45.150001525878906,45.52999877929688,463700,46.15999984741211,45.61000061035156,39.60363006591797
24-07-2013,44.52000045776367,45.650001525878906,856700,45.84000015258789,44.61000061035156,38.735328674316406
25-07-2013,44.5,44.7400016784668,674900,45.5099983215332,45.47999954223633,39.49075698852539
26-07-2013,45.310001373291016,45.400001525878906,672100,45.90999984741211,45.79999923706055,39.76862335205078
29-07-2013,45.59999847412109,45.810001373291016,860300,46.209999084472656,46.150001525878906,40.07252883911133
30-07-2013,46.06999969482422,46.59999847412109,1533900,47.560001373291016,46.83000183105469,40.66298294067383
31-07-2013,46.45000076293945,46.790000915527344,1571000,47.88999938964844,47.650001525878906,41.3749885559082
01-08-2013,47.900001525878906,48.5,2143400,49.43999862670898,48.380001068115234,42.00885391235352
02-08-2013,47.400001525878906,50.33000183105469,3045500,51.0,47.88999938964844,41.58338165283203
05-08-2013,47.04999923706055,48.0,1279300,48.25,47.18000030517578,40.96687698364258
06-08-2013,47.52999877929688,48.15999984741211,1451000,48.40999984741211,47.970001220703125,41.6528549194336
07-08-2013,47.84999847412109,47.93000030517578,873600,48.47999954223633,48.34000015258789,41.97412872314453
08-08-2013,49.220001220703125,49.369998931884766,1645200,50.11000061035156,49.88999938964844,43.32000732421875
09-08-2013,49.630001068115234,50.0,894600,50.43000030517578,50.2400016784668,43.623905181884766
12-08-2013,49.5099983215332,50.0,649500,50.130001068115234,49.70000076293945,43.155029296875
13-08-2013,49.119998931884766,49.79999923706055,723000,50.0,49.16999816894531,42.69482803344727
14-08-2013,48.18999862670898,48.790000915527344,950000,48.95000076293945,48.720001220703125,42.30406951904297
15-08-2013,48.650001525878906,49.09000015258789,625500,50.27999877929688,48.72999954223633,42.312774658203125
16-08-2013,48.70000076293945,48.900001525878906,971900,49.7599983215332,49.52000045776367,43.220462799072266
19-08-2013,49.34999847412109,49.36000061035156,1122500,49.86000061035156,49.5099983215332,43.21174240112305
20-08-2013,49.290000915527344,49.54999923706055,812800,49.77999877929688,49.31999969482422,43.04589080810547
21-08-2013,48.70000076293945,49.75,665200,49.75,48.869998931884766,42.65316390991211
22-08-2013,48.459999084472656,49.20000076293945,547900,49.709999084472656,49.13999938964844,42.888797760009766
23-08-2013,48.52000045776367,49.2400016784668,475800,49.54999923706055,49.18000030517578,42.92371368408203
26-08-2013,49.18000030517578,49.5,666200,49.72999954223633,49.27999877929688,43.01099395751953
27-08-2013,48.70000076293945,49.0,723800,49.25,48.790000915527344,42.58332824707031
28-08-2013,47.959999084472656,48.68999862670898,759500,48.90999984741211,48.20000076293945,42.0683822631836
29-08-2013,47.91999816894531,48.220001220703125,663200,48.459999084472656,48.22999954223633,42.09457015991211
30-08-2013,47.0,48.25,1583300,48.52999877929688,47.2400016784668,41.23051834106445
03-09-2013,47.18000030517578,47.72999954223633,1260200,47.90999984741211,47.4900016784668,41.448707580566406
04-09-2013,47.119998931884766,47.369998931884766,565200,47.97999954223633,47.93999862670898,41.841453552246094
05-09-2013,47.93999862670898,48.04999923706055,938300,49.380001068115234,49.18999862670898,42.93243789672852
06-09-2013,49.040000915527344,49.52999877929688,749100,49.720001220703125,49.150001525878906,42.89754104614258
09-09-2013,49.34000015258789,49.380001068115234,869100,50.70000076293945,50.66999816894531,44.22417449951172
10-09-2013,50.68999862670898,50.7599983215332,1048900,52.290000915527344,52.2599983215332,45.61190032958984
11-09-2013,51.84000015258789,52.04999923706055,1388900,52.7400016784668,52.0099983215332,45.39370727539063
12-09-2013,51.88999938964844,51.88999938964844,909300,52.59999847412109,52.380001068115234,45.716644287109375
13-09-2013,52.119998931884766,52.31999969482422,540600,52.77000045776367,52.68000030517578,45.978477478027344
16-09-2013,52.959999084472656,53.33000183105469,523500,53.630001068115234,53.41999816894531,46.62434387207031
17-09-2013,53.43999862670898,53.5,789900,53.95000076293945,53.72999954223633,46.89491271972656
18-09-2013,52.7400016784668,53.83000183105469,1046800,54.38999938964844,54.36000061035156,47.44475173950195
19-09-2013,53.65999984741211,54.20000076293945,575200,54.34000015258789,53.790000915527344,46.947261810302734
20-09-2013,52.70000076293945,53.5099983215332,1347800,53.7400016784668,52.70000076293945,45.99592590332031
23-09-2013,52.65999984741211,53.0,673500,53.400001525878906,52.81999969482422,46.100677490234375
24-09-2013,52.52000045776367,52.79999923706055,1056100,53.2599983215332,52.54999923706055,45.865013122558594
25-09-2013,52.630001068115234,52.83000183105469,628300,53.130001068115234,52.70000076293945,45.99592590332031
26-09-2013,52.61000061035156,53.209999084472656,755300,53.470001220703125,52.900001525878906,46.17049026489258
27-09-2013,52.25,52.61000061035156,794500,52.84000015258789,52.70000076293945,45.99592590332031
30-09-2013,52.310001373291016,52.34999847412109,1309600,53.0,52.81999969482422,46.100677490234375
01-10-2013,52.63999938964844,53.02999877929688,1630500,53.68000030517578,53.40999984741211,46.61561965942383
02-10-2013,52.220001220703125,52.709999084472656,1093100,53.34000015258789,53.18999862670898,46.423587799072266
03-10-2013,53.18999862670898,53.34000015258789,1229000,53.900001525878906,53.369998931884766,46.5806999206543
04-10-2013,53.369998931884766,53.5,783900,54.040000915527344,54.0099983215332,47.1392822265625
07-10-2013,53.15999984741211,53.41999816894531,1153600,54.45000076293945,53.68000030517578,46.851261138916016
08-10-2013,52.84000015258789,53.52999877929688,1109100,53.83000183105469,52.900001525878906,46.17049026489258
09-10-2013,53.13999938964844,53.209999084472656,1485000,54.470001220703125,54.29999923706055,47.392391204833984
10-10-2013,54.709999084472656,54.79999923706055,1152500,55.90999984741211,55.90999984741211,48.79757308959961
11-10-2013,55.290000915527344,55.540000915527344,945100,56.33000183105469,56.13999938964844,48.998321533203125
14-10-2013,55.15999984741211,56.08000183105469,1237400,56.11000061035156,56.02999877929688,48.90231323242188
15-10-2013,55.0099983215332,56.09000015258789,750200,56.27999877929688,55.16999816894531,48.1517219543457
16-10-2013,55.34000015258789,55.34000015258789,1015000,56.0,55.90999984741211,48.79757308959961
17-10-2013,55.619998931884766,55.790000915527344,1161900,56.040000915527344,55.869998931884766,48.76266860961914
18-10-2013,55.63999938964844,55.970001220703125,1231200,56.52000045776367,56.220001220703125,49.068145751953125
21-10-2013,56.209999084472656,56.47999954223633,1223700,56.77999877929688,56.34000015258789,49.172889709472656
22-10-2013,56.47999954223633,56.9900016784668,1093000,57.34000015258789,56.90999984741211,49.67036819458008
23-10-2013,56.34999847412109,56.59999847412109,701000,57.13999938964844,57.11000061035156,49.84493255615234
24-10-2013,55.86000061035156,56.34999847412109,1838600,56.70000076293945,56.310001373291016,49.14668273925781
25-10-2013,48.720001220703125,50.970001220703125,6832300,51.68000030517578,49.54999923706055,43.24662780761719
28-10-2013,49.38999938964844,50.7400016784668,3704400,51.119998931884766,50.130001068115234,43.75286483764648
29-10-2013,50.2400016784668,50.43000030517578,1742400,50.790000915527344,50.68999862670898,44.24163818359375
30-10-2013,50.540000915527344,51.400001525878906,1749100,51.52999877929688,51.45000076293945,44.90495300292969
31-10-2013,51.15999984741211,51.310001373291016,1649200,51.84999847412109,51.7400016784668,45.15805435180664
01-11-2013,50.33000183105469,51.56999969482422,1037200,51.58000183105469,50.900001525878906,44.4249153137207
04-11-2013,50.34999847412109,50.790000915527344,557800,50.88999938964844,50.77999877929688,44.32017517089844
05-11-2013,50.20000076293945,50.45000076293945,905600,50.65999984741211,50.400001525878906,43.98852157592773
06-11-2013,49.79999923706055,50.41999816894531,825100,50.5,49.880001068115234,43.53466796875
07-11-2013,49.25,50.13999938964844,1439300,50.43999862670898,49.29999923706055,43.02846145629883
08-11-2013,49.5,49.5,853700,50.63999938964844,50.61000061035156,44.17179870605469
11-11-2013,50.41999816894531,50.5099983215332,708900,50.86000061035156,50.7400016784668,44.2852668762207
12-11-2013,49.72999954223633,50.52999877929688,879000,50.58000183105469,49.970001220703125,43.61322021484375
13-11-2013,50.02999877929688,50.02999877929688,1356700,51.2599983215332,51.25,44.73039245605469
14-11-2013,50.619998931884766,50.77000045776367,891300,51.68999862670898,51.5,44.94858169555664
15-11-2013,50.560001373291016,51.43000030517578,963400,51.47999954223633,51.04999923706055,44.77318572998047
18-11-2013,50.54999923706055,51.0,606600,51.310001373291016,50.72999954223633,44.49253082275391
19-11-2013,50.52000045776367,50.54999923706055,969500,51.209999084472656,50.88999938964844,44.63284683227539
20-11-2013,50.9900016784668,51.25,979400,51.5,51.25,44.94858551025391
21-11-2013,50.720001220703125,51.29999923706055,951000,51.29999923706055,50.810001373291016,44.56268310546875
22-11-2013,50.54999923706055,50.68999862670898,319600,51.150001525878906,51.08000183105469,44.79949188232422
25-11-2013,50.68000030517578,51.02000045776367,427100,51.18999862670898,50.72999954223633,44.49253082275391
26-11-2013,49.040000915527344,49.880001068115234,1611200,49.880001068115234,49.56999969482422,43.47515869140625
27-11-2013,48.43999862670898,49.34000015258789,1748300,49.40999984741211,48.66999816894531,42.685794830322266
29-11-2013,48.150001525878906,48.56999969482422,522200,48.97999954223633,48.810001373291016,42.80860137939453
02-12-2013,48.36000061035156,48.810001373291016,878000,49.40999984741211,48.84000015258789,42.83491134643555
03-12-2013,48.25,48.84000015258789,2094400,49.27999877929688,48.720001220703125,42.72965621948242
04-12-2013,46.7400016784668,47.95000076293945,2276600,47.97999954223633,47.20000076293945,41.39656066894531
05-12-2013,46.79999923706055,47.08000183105469,923100,47.41999816894531,47.22999954223633,41.422847747802734
06-12-2013,47.09999847412109,47.09999847412109,1007900,48.04999923706055,47.880001068115234,41.9929313659668
09-12-2013,47.61000061035156,47.970001220703125,1083000,48.34999847412109,48.130001068115234,42.21220016479492
10-12-2013,46.880001068115234,47.4900016784668,1341800,47.97999954223633,47.41999816894531,41.589500427246094
11-12-2013,45.310001373291016,47.5,2040800,47.5,45.4900016784668,39.89680099487305
12-12-2013,45.13999938964844,47.59999847412109,1422200,47.59999847412109,45.36000061035156,39.78277587890625
13-12-2013,46.25,46.27999877929688,2351300,46.81999969482422,46.459999084472656,40.74752426147461
16-12-2013,46.11000061035156,46.75,1114300,46.90999984741211,46.150001525878906,40.47565078735352
17-12-2013,45.5099983215332,46.310001373291016,1476400,46.31999969482422,45.86000061035156,40.22132110595703
18-12-2013,45.380001068115234,45.650001525878906,1295300,46.040000915527344,45.77000045776367,40.14237594604492
19-12-2013,45.25,45.709999084472656,1796200,45.79999923706055,45.650001525878906,40.03712844848633
20-12-2013,45.95000076293945,46.06999969482422,1618600,46.56999969482422,46.09000015258789,40.42302322387695
23-12-2013,46.25,46.4900016784668,610700,46.650001525878906,46.61000061035156,40.87910842895508
24-12-2013,46.709999084472656,46.88999938964844,241700,47.119998931884766,46.95000076293945,41.17729568481445
26-12-2013,46.9900016784668,46.9900016784668,633300,47.38999938964844,47.27999877929688,41.466705322265625
27-12-2013,46.709999084472656,47.27999877929688,434700,47.290000915527344,46.959999084472656,41.18606185913086
30-12-2013,47.130001068115234,47.16999816894531,750900,47.63999938964844,47.209999084472656,41.40532302856445
31-12-2013,46.97999954223633,47.27000045776367,480800,47.59000015258789,47.08000183105469,41.29130935668945
02-01-2014,46.130001068115234,47.0099983215332,773400,47.0099983215332,46.20000076293945,40.519508361816406
03-01-2014,46.59000015258789,46.84999847412109,958000,47.5,46.75,41.00188064575195
06-01-2014,46.209999084472656,46.400001525878906,1177000,46.72999954223633,46.31999969482422,40.624755859375
07-01-2014,46.5,46.52000045776367,990700,47.75,47.40999984741211,41.58073425292969
08-01-2014,47.060001373291016,47.310001373291016,928900,47.959999084472656,47.790000915527344,41.91401672363281
09-01-2014,47.34000015258789,47.63999938964844,1250900,48.33000183105469,47.81999969482422,41.94032669067383
10-01-2014,47.560001373291016,47.77000045776367,516200,47.97999954223633,47.77999877929688,41.90523910522461
13-01-2014,46.59999847412109,47.70000076293945,1057700,47.91999816894531,46.83000183105469,41.07204818725586
14-01-2014,45.709999084472656,46.709999084472656,1914500,46.709999084472656,45.869998931884766,40.230079650878906
15-01-2014,45.90999984741211,46.18999862670898,1058200,46.709999084472656,46.68999862670898,40.94925308227539
16-01-2014,45.66999816894531,46.04999923706055,1093400,46.13999938964844,45.810001373291016,40.17744827270508
17-01-2014,44.900001525878906,45.060001373291016,1011700,46.02999877929688,45.630001068115234,40.01959991455078
21-01-2014,44.619998931884766,45.0,1391900,46.31999969482422,46.09999847412109,40.431785583496094
22-01-2014,46.130001068115234,46.150001525878906,1394300,46.790000915527344,46.52000045776367,40.80016326904297
23-01-2014,46.18999862670898,46.400001525878906,1858200,47.380001068115234,46.880001068115234,41.11589813232422
24-01-2014,43.02000045776367,43.290000915527344,4123900,44.2400016784668,43.880001068115234,38.48476028442383
27-01-2014,43.56999969482422,43.84000015258789,1681100,44.06999969482422,43.810001373291016,38.42336654663086
28-01-2014,43.5,43.5,889400,44.16999816894531,44.09999847412109,38.67771530151367
29-01-2014,43.04999923706055,43.15999984741211,1266900,43.88999938964844,43.61000061035156,38.24794387817383
30-01-2014,43.08000183105469,43.130001068115234,704500,44.130001068115234,43.93999862670898,38.537384033203125
31-01-2014,43.36000061035156,43.68000030517578,753000,43.869998931884766,43.61000061035156,38.24794387817383
03-02-2014,41.52000045776367,43.369998931884766,3056000,43.40999984741211,42.02999877929688,36.86222839355469
04-02-2014,42.400001525878906,42.709999084472656,1605300,43.25,43.11000061035156,37.8094482421875
05-02-2014,42.83000183105469,43.15999984741211,1189900,43.90999984741211,43.47999954223633,38.13393020629883
06-02-2014,43.4900016784668,43.88999938964844,1290500,44.38999938964844,43.68999862670898,38.3181266784668
07-02-2014,43.040000915527344,43.619998931884766,769900,43.66999816894531,43.66999816894531,38.30057907104492
10-02-2014,43.95000076293945,43.9900016784668,1391600,45.709999084472656,45.58000183105469,39.97574234008789
11-02-2014,45.08000183105469,45.790000915527344,1323600,45.959999084472656,45.52999877929688,39.93188095092773
12-02-2014,45.52999877929688,45.52999877929688,1589700,46.119998931884766,45.93000030517578,40.28271484375
13-02-2014,45.36000061035156,45.5,657400,46.0,45.970001220703125,40.317779541015625
14-02-2014,45.56999969482422,45.77999877929688,407900,45.959999084472656,45.7400016784668,40.335411071777344
18-02-2014,45.93999862670898,46.0,1104100,46.45000076293945,46.130001068115234,40.67933654785156
19-02-2014,45.380001068115234,45.83000183105469,946000,46.27999877929688,46.13999938964844,40.68816375732422
20-02-2014,45.869998931884766,46.150001525878906,926900,46.59999847412109,46.540000915527344,41.0408935546875
21-02-2014,46.13999938964844,46.75,528400,46.75,46.2599983215332,40.79398727416992
24-02-2014,45.7599983215332,46.209999084472656,822200,46.63999938964844,46.27000045776367,40.80279922485352
25-02-2014,44.43000030517578,46.29999923706055,2251400,46.29999923706055,44.650001525878906,39.374210357666016
26-02-2014,43.619998931884766,44.63999938964844,2153600,44.7599983215332,43.81999969482422,38.64228439331055
27-02-2014,42.47999954223633,42.900001525878906,3225300,44.34999847412109,44.209999084472656,38.98620223999024
28-02-2014,43.27999877929688,43.380001068115234,1893500,44.95000076293945,44.02000045776367,38.81864929199219
03-03-2014,42.18999862670898,42.77000045776367,708100,43.90999984741211,43.4900016784668,38.351295471191406
04-03-2014,43.84999847412109,44.0099983215332,911600,44.560001373291016,44.11000061035156,38.89802551269531
05-03-2014,44.08000183105469,44.36000061035156,614800,44.63999938964844,44.220001220703125,38.99503707885742
06-03-2014,43.81999969482422,43.97999954223633,500700,44.22999954223633,44.0099983215332,38.80984115600586
07-03-2014,44.06999969482422,44.65999984741211,800400,44.720001220703125,44.209999084472656,38.98620223999024
10-03-2014,44.20000076293945,44.310001373291016,908700,44.650001525878906,44.52999877929688,39.26838684082031
11-03-2014,44.18000030517578,44.68000030517578,549200,44.7599983215332,44.4900016784668,39.23312377929688
12-03-2014,44.58000183105469,44.65999984741211,1006900,45.45000076293945,45.11000061035156,39.77986907958984
13-03-2014,43.880001068115234,44.959999084472656,1021500,45.02000045776367,43.970001220703125,38.77457046508789
14-03-2014,43.09999847412109,43.70000076293945,949100,43.84000015258789,43.310001373291016,38.19255447387695
17-03-2014,43.400001525878906,44.119998931884766,809400,44.209999084472656,43.72999954223633,38.56292343139648
18-03-2014,43.7599983215332,43.81999969482422,608300,44.34999847412109,44.2400016784668,39.01266098022461
19-03-2014,44.5,44.68000030517578,1131000,45.02999877929688,44.540000915527344,39.27721786499024
20-03-2014,43.7400016784668,44.310001373291016,925000,44.459999084472656,43.869998931884766,38.68638610839844
21-03-2014,43.0,44.25,1735400,44.45000076293945,43.54999923706055,38.40418243408203
24-03-2014,42.65999984741211,43.93000030517578,1168600,44.0099983215332,42.970001220703125,37.89271926879883
25-03-2014,42.84000015258789,43.0,718000,43.650001525878906,43.630001068115234,38.4747428894043
26-03-2014,43.4900016784668,43.880001068115234,622800,43.97999954223633,43.560001373291016,38.41300201416016
27-03-2014,43.400001525878906,43.66999816894531,734500,44.119998931884766,43.70000076293945,38.53646087646485
28-03-2014,43.84000015258789,43.97999954223633,460900,44.61000061035156,43.88999938964844,38.70401763916016
31-03-2014,43.7599983215332,44.18000030517578,537500,44.81999969482422,44.68999862670898,39.40949249267578
01-04-2014,44.630001068115234,44.68999862670898,1533800,45.27999877929688,45.2400016784668,39.89450454711914
02-04-2014,44.869998931884766,44.9900016784668,504700,45.400001525878906,45.34999847412109,39.99150466918945
03-04-2014,44.56999969482422,44.56999969482422,698900,45.0099983215332,44.77999877929688,39.488861083984375
04-04-2014,44.709999084472656,44.95000076293945,509600,45.7400016784668,44.810001373291016,39.51531600952149
07-04-2014,44.58000183105469,45.220001220703125,1482100,45.619998931884766,45.0099983215332,39.691673278808594
08-04-2014,45.130001068115234,45.72999954223633,869200,45.91999816894531,45.310001373291016,39.95622634887695
09-04-2014,44.52999877929688,45.400001525878906,831500,45.45000076293945,45.43999862670898,40.07086944580078
10-04-2014,45.0099983215332,45.52000045776367,1134700,45.52999877929688,45.20000076293945,39.85923385620117
11-04-2014,44.369998931884766,44.95000076293945,766800,45.130001068115234,44.43000030517578,39.18021011352539
14-04-2014,44.2599983215332,44.560001373291016,1244300,46.06999969482422,45.95000076293945,40.5206184387207
15-04-2014,45.58000183105469,45.59999847412109,2363200,46.880001068115234,46.84999847412109,41.31425476074219
16-04-2014,46.25,47.25,767600,47.38999938964844,46.4900016784668,40.99680709838867
17-04-2014,46.470001220703125,46.93000030517578,1415200,47.4900016784668,47.43999862670898,41.83455276489258
21-04-2014,47.06999969482422,47.31999969482422,2309200,48.40999984741211,47.380001068115234,41.781646728515625
22-04-2014,47.16999816894531,47.40999984741211,824200,47.650001525878906,47.59999847412109,41.97565078735352
23-04-2014,46.06999969482422,47.52000045776367,1259700,47.52000045776367,46.75,41.2260856628418
24-04-2014,46.75,48.52999877929688,2762000,49.459999084472656,47.40999984741211,41.8080940246582
25-04-2014,47.13999938964844,47.220001220703125,1215100,47.90999984741211,47.83000183105469,42.178470611572266
28-04-2014,47.40999984741211,48.290000915527344,1045200,48.470001220703125,48.150001525878906,42.46066284179688
29-04-2014,48.79999923706055,48.9900016784668,1935100,50.5099983215332,50.02000045776367,44.10970687866211
30-04-2014,49.43000030517578,50.0,1227600,50.02000045776367,49.84999847412109,43.95978164672852
01-05-2014,49.650001525878906,49.79999923706055,839200,50.09999847412109,49.880001068115234,43.98625564575195
02-05-2014,49.43000030517578,49.72999954223633,816500,50.0099983215332,49.88999938964844,43.99506759643555
05-05-2014,49.02999877929688,49.75,620800,50.34999847412109,50.13999938964844,44.21551513671875
06-05-2014,49.5,50.0,645100,50.08000183105469,49.810001373291016,43.92452239990234
07-05-2014,49.310001373291016,49.90999984741211,841700,49.9900016784668,49.970001220703125,44.065616607666016
08-05-2014,49.720001220703125,49.79999923706055,732200,50.27000045776367,49.9900016784668,44.08325958251953
09-05-2014,49.5,49.70000076293945,890600,50.65999984741211,50.650001525878906,44.6652717590332
12-05-2014,50.560001373291016,50.650001525878906,796800,51.540000915527344,51.43000030517578,45.35309219360352
13-05-2014,50.66999816894531,51.2599983215332,854600,51.34000015258789,51.0,44.97391128540039
14-05-2014,50.45000076293945,50.91999816894531,563600,50.95000076293945,50.59999847412109,44.62117004394531
15-05-2014,49.77999877929688,50.540000915527344,1237000,50.9900016784668,50.09000015258789,44.17143249511719
16-05-2014,49.720001220703125,49.869998931884766,531400,50.619998931884766,50.56999969482422,44.81840515136719
19-05-2014,50.130001068115234,50.43000030517578,593800,50.7599983215332,50.650001525878906,44.88930130004883
20-05-2014,50.02000045776367,50.470001220703125,700200,50.720001220703125,50.060001373291016,44.36642074584961
21-05-2014,49.900001525878906,50.16999816894531,494000,50.459999084472656,50.2400016784668,44.52593612670898
22-05-2014,50.15999984741211,50.34999847412109,478700,50.9900016784668,50.93000030517578,45.13746643066406
23-05-2014,48.88999938964844,50.27999877929688,1564200,50.29999923706055,50.040000915527344,44.348670959472656
27-05-2014,49.34999847412109,50.130001068115234,845200,50.43000030517578,49.619998931884766,43.9764518737793
28-05-2014,49.33000183105469,49.540000915527344,537100,49.900001525878906,49.61000061035156,43.96759414672852
29-05-2014,49.66999816894531,49.84000015258789,639500,50.7400016784668,50.209999084472656,44.49935531616211
30-05-2014,49.86000061035156,50.29999923706055,425600,50.400001525878906,50.060001373291016,44.36642074584961
02-06-2014,49.41999816894531,50.06999969482422,805100,50.22999954223633,49.86000061035156,44.18914794921875
03-06-2014,49.45000076293945,49.630001068115234,419200,50.220001220703125,49.75,44.09165954589844
04-06-2014,49.77999877929688,49.77999877929688,338200,50.310001373291016,50.20000076293945,44.49049377441406
05-06-2014,50.43000030517578,50.459999084472656,529800,51.43999862670898,51.290000915527344,45.45651626586914
06-06-2014,51.18999862670898,51.61000061035156,401200,51.83000183105469,51.31999969482422,45.483097076416016
09-06-2014,51.13999938964844,51.15999984741211,316300,51.61000061035156,51.59999847412109,45.73125076293945
10-06-2014,51.70000076293945,51.720001220703125,642700,52.70000076293945,52.56999969482422,46.59093475341797
11-06-2014,52.11000061035156,52.369998931884766,582800,53.02999877929688,53.0,46.97202682495117
12-06-2014,52.880001068115234,53.0,825600,53.81999969482422,53.7599983215332,47.64558792114258
13-06-2014,53.09000015258789,53.66999816894531,434800,53.91999816894531,53.150001525878906,47.10497283935547
16-06-2014,52.7599983215332,53.11000061035156,430000,53.40999984741211,53.02000045776367,46.98976135253906
17-06-2014,52.470001220703125,52.880001068115234,677900,53.52000045776367,52.68999862670898,46.697303771972656
18-06-2014,52.59000015258789,52.70000076293945,273500,53.119998931884766,53.060001373291016,47.02519989013672
19-06-2014,53.130001068115234,53.31999969482422,323300,53.560001373291016,53.18999862670898,47.14040756225586
20-06-2014,51.119998931884766,52.47999954223633,1637800,52.95000076293945,51.540000915527344,45.67808532714844
23-06-2014,51.540000915527344,51.54999923706055,660700,52.560001373291016,51.88999938964844,45.988277435302734
24-06-2014,51.18999862670898,51.79999923706055,609500,51.970001220703125,51.20000076293945,45.37675094604492
25-06-2014,51.20000076293945,51.25,544300,51.88999938964844,51.59000015258789,45.72240447998047
26-06-2014,50.5,51.52999877929688,760300,51.869998931884766,51.84000015258789,45.943973541259766
27-06-2014,51.75,51.84999847412109,885200,52.5099983215332,52.459999084472656,46.493446350097656
30-06-2014,50.209999084472656,51.66999816894531,1497700,52.130001068115234,50.630001068115234,44.871578216552734
01-07-2014,49.52000045776367,50.11000061035156,2194400,50.56999969482422,49.86000061035156,44.18914794921875
02-07-2014,49.959999084472656,50.31999969482422,1222000,51.13999938964844,50.5,44.75636291503906
03-07-2014,49.7599983215332,50.040000915527344,1237500,50.25,50.08000183105469,44.38412857055664
07-07-2014,49.459999084472656,49.84000015258789,693300,50.0,49.61000061035156,43.96759414672852
08-07-2014,48.90999984741211,49.36000061035156,901300,49.470001220703125,48.95000076293945,43.38265228271485
09-07-2014,49.130001068115234,49.27000045776367,873000,49.52000045776367,49.36000061035156,43.74603271484375
10-07-2014,48.880001068115234,48.880001068115234,847500,49.84000015258789,49.59000015258789,43.94986724853516
11-07-2014,49.0099983215332,49.56999969482422,681700,49.59999847412109,49.2599983215332,43.65739822387695
14-07-2014,49.09000015258789,49.5,632800,49.5,49.31999969482422,43.710575103759766
15-07-2014,49.130001068115234,49.220001220703125,499400,49.54999923706055,49.13999938964844,43.55104446411133
16-07-2014,48.54999923706055,49.27000045776367,1147700,49.38999938964844,48.68999862670898,43.15224075317383
17-07-2014,48.56999969482422,48.86000061035156,857100,49.15999984741211,48.650001525878906,43.11677551269531
18-07-2014,48.68999862670898,48.97999954223633,718900,49.5,49.43000030517578,43.80806350708008
21-07-2014,48.66999816894531,49.08000183105469,522200,49.25,48.93000030517578,43.36493682861328
22-07-2014,49.310001373291016,49.47999954223633,556700,49.869998931884766,49.75,44.09165954589844
23-07-2014,49.54999923706055,49.7599983215332,463000,50.220001220703125,50.16999816894531,44.463897705078125
24-07-2014,50.04999923706055,50.16999816894531,419400,50.59999847412109,50.27999877929688,44.56139755249024
25-07-2014,50.59000015258789,50.650001525878906,578700,51.130001068115234,51.09999847412109,45.28812026977539
28-07-2014,50.47999954223633,51.0,706100,51.150001525878906,51.0,45.19950866699219
29-07-2014,49.7400016784668,50.95000076293945,796600,51.77999877929688,51.400001525878906,45.55400085449219
30-07-2014,51.06999969482422,51.59999847412109,922400,51.83000183105469,51.79999923706055,45.908504486083984
31-07-2014,50.84000015258789,51.400001525878906,1286500,51.83000183105469,51.7400016784668,45.85533142089844
01-08-2014,46.4900016784668,46.4900016784668,4146200,50.34999847412109,49.68000030517578,44.029632568359375
04-08-2014,47.97999954223633,49.52999877929688,1156500,49.52999877929688,49.369998931884766,43.7548828125
05-08-2014,48.959999084472656,49.369998931884766,820900,49.79999923706055,49.40999984741211,43.79033279418945
06-08-2014,48.88999938964844,49.20000076293945,665400,50.290000915527344,50.209999084472656,44.49935531616211
07-08-2014,49.68000030517578,49.83000183105469,963500,50.34999847412109,49.970001220703125,44.286659240722656
08-08-2014,49.369998931884766,49.790000915527344,783100,50.84000015258789,50.38999938964844,44.65888214111328
11-08-2014,50.209999084472656,50.34999847412109,1387100,51.58000183105469,51.380001068115234,45.53628158569336
12-08-2014,50.9900016784668,51.16999816894531,621200,51.43000030517578,51.150001525878906,45.33244705200195
13-08-2014,51.11000061035156,51.11000061035156,962800,51.560001373291016,51.34000015258789,45.500823974609375
14-08-2014,51.13999938964844,51.27000045776367,960500,51.61000061035156,51.540000915527344,45.67808532714844
15-08-2014,51.040000915527344,51.7599983215332,523400,51.970001220703125,51.400001525878906,45.55400085449219
18-08-2014,51.369998931884766,51.47999954223633,639300,52.09999847412109,51.65999984741211,45.784427642822266
19-08-2014,51.13999938964844,51.68999862670898,817800,51.68999862670898,51.52999877929688,45.9180908203125
20-08-2014,51.70000076293945,51.959999084472656,752200,52.27999877929688,52.06999969482422,46.39929962158203
21-08-2014,51.459999084472656,52.02000045776367,566100,52.02000045776367,51.75,46.114139556884766
22-08-2014,51.7400016784668,51.7400016784668,515100,52.16999816894531,51.880001068115234,46.22998046875
25-08-2014,51.220001220703125,51.91999816894531,535000,52.02000045776367,51.45000076293945,45.84680938720703
26-08-2014,51.68999862670898,51.68999862670898,636300,52.31999969482422,52.119998931884766,46.44383239746094
27-08-2014,52.34000015258789,52.5,494700,52.650001525878906,52.5,46.782447814941406
28-08-2014,52.650001525878906,52.66999816894531,908800,53.13999938964844,52.93000030517578,47.1656379699707
29-08-2014,53.0099983215332,53.18000030517578,576800,53.5,53.04999923706055,47.27256774902344
02-09-2014,52.79999923706055,53.0,924000,53.43000030517578,52.88999938964844,47.12998962402344
03-09-2014,53.16999816894531,53.25,876200,53.4900016784668,53.29999923706055,47.495338439941406
04-09-2014,53.2400016784668,53.5,779000,53.65999984741211,53.34999847412109,47.53989410400391
05-09-2014,52.52000045776367,53.34000015258789,449700,53.54999923706055,52.97999954223633,47.21017837524414
08-09-2014,52.58000183105469,53.060001373291016,607900,53.2400016784668,52.810001373291016,47.0587043762207
09-09-2014,52.47999954223633,52.83000183105469,696600,52.84999847412109,52.5,46.782447814941406
10-09-2014,52.34999847412109,52.68999862670898,410400,52.86000061035156,52.61000061035156,46.880470275878906
11-09-2014,52.52000045776367,52.52000045776367,821600,52.970001220703125,52.790000915527344,47.04087829589844
12-09-2014,52.29999923706055,52.81999969482422,677300,52.880001068115234,52.5,46.782447814941406
15-09-2014,52.20000076293945,52.59999847412109,765600,52.59999847412109,52.43000030517578,46.72007369995117
16-09-2014,51.900001525878906,52.220001220703125,754400,52.59000015258789,52.09999847412109,46.42601776123047
17-09-2014,51.540000915527344,52.22999954223633,922600,52.29999923706055,51.560001373291016,45.944820404052734
18-09-2014,51.380001068115234,51.58000183105469,561400,51.77999877929688,51.58000183105469,45.962646484375
19-09-2014,51.2400016784668,51.970001220703125,857000,52.02000045776367,51.290000915527344,45.704246520996094
22-09-2014,50.380001068115234,51.209999084472656,723600,51.209999084472656,50.400001525878906,44.911163330078125
23-09-2014,50.02000045776367,50.400001525878906,647100,50.61000061035156,50.15999984741211,44.69729995727539
24-09-2014,49.91999816894531,50.2400016784668,454400,50.2400016784668,50.130001068115234,44.67056274414063
25-09-2014,49.31999969482422,49.95000076293945,716900,50.0099983215332,49.83000183105469,44.40323257446289
26-09-2014,49.2599983215332,49.93000030517578,844400,49.95000076293945,49.77000045776367,44.34976959228516
29-09-2014,49.08000183105469,49.459999084472656,646600,50.15999984741211,49.970001220703125,44.527976989746094
30-09-2014,49.25,49.84000015258789,748000,49.84000015258789,49.27000045776367,43.90422821044922
01-10-2014,49.02999877929688,49.11000061035156,1068700,49.97999954223633,49.5,44.109161376953125
02-10-2014,49.130001068115234,49.369998931884766,1049700,49.869998931884766,49.84000015258789,44.41215133666992
03-10-2014,49.56999969482422,49.83000183105469,978800,50.400001525878906,50.22999954223633,44.75966644287109
06-10-2014,50.58000183105469,50.58000183105469,767600,51.52999877929688,51.33000183105469,45.73987579345703
07-10-2014,50.4900016784668,50.84000015258789,842200,51.16999816894531,50.709999084472656,45.18739318847656
08-10-2014,50.060001373291016,50.369998931884766,1291300,50.959999084472656,50.86000061035156,45.32105255126953
09-10-2014,47.900001525878906,50.63999938964844,3955400,50.75,48.93999862670898,43.61016845703125
10-10-2014,47.95000076293945,48.45000076293945,1752700,49.310001373291016,48.540000915527344,43.25372695922852
13-10-2014,47.560001373291016,48.29999923706055,1443200,48.869998931884766,48.459999084472656,43.18244934082031
14-10-2014,47.65999984741211,48.5,1501100,48.5,47.810001373291016,42.60322189331055
15-10-2014,46.2400016784668,47.09000015258789,2650400,47.27999877929688,46.84999847412109,41.74776840209961
16-10-2014,45.7400016784668,45.83000183105469,1609800,46.59999847412109,46.25,41.21310806274414
17-10-2014,46.290000915527344,46.77999877929688,1649000,47.56999969482422,46.77000045776367,41.676490783691406
20-10-2014,46.5099983215332,46.540000915527344,1238000,47.09000015258789,47.040000915527344,41.917083740234375
21-10-2014,47.40999984741211,47.45000076293945,1397600,48.11000061035156,48.02000045776367,42.79036331176758
22-10-2014,47.38999938964844,47.97999954223633,1014700,48.18000030517578,47.5,42.32698822021485
23-10-2014,47.459999084472656,47.59999847412109,1153400,48.09999847412109,47.70000076293945,42.50521087646485
24-10-2014,50.86000061035156,52.40999984741211,2924900,53.5,52.02000045776367,46.35474395751953
27-10-2014,50.81999969482422,51.790000915527344,1582400,51.880001068115234,51.54999923706055,45.93590927124024
28-10-2014,51.52000045776367,51.75,1166500,52.470001220703125,52.34000015258789,46.63987731933594
29-10-2014,51.66999816894531,52.220001220703125,919600,52.5,51.810001373291016,46.1676025390625
30-10-2014,51.380001068115234,51.58000183105469,759300,52.13999938964844,52.11000061035156,46.43493270874024
31-10-2014,51.93999862670898,52.40999984741211,1114900,52.540000915527344,52.220001220703125,46.53294372558594
03-11-2014,51.52000045776367,52.0,622900,52.08000183105469,51.709999084472656,46.07848739624024
04-11-2014,51.34000015258789,51.34000015258789,345300,51.86000061035156,51.810001373291016,46.1676025390625
05-11-2014,51.34999847412109,52.0,539200,52.04999923706055,51.45000076293945,45.84680938720703
06-11-2014,51.13999938964844,51.43999862670898,410700,51.650001525878906,51.56999969482422,45.95374298095703
07-11-2014,50.959999084472656,51.54999923706055,525300,51.54999923706055,51.13999938964844,45.57057571411133
10-11-2014,50.880001068115234,51.04999923706055,443100,51.470001220703125,51.02000045776367,45.46364212036133
11-11-2014,50.77999877929688,51.060001373291016,379800,51.470001220703125,51.150001525878906,45.57948684692383
12-11-2014,51.04999923706055,51.130001068115234,1099500,52.34999847412109,52.22999954223633,46.54186248779297
13-11-2014,51.95000076293945,52.06999969482422,588200,52.4900016784668,51.9900016784668,46.328006744384766
14-11-2014,51.7400016784668,52.060001373291016,600700,52.380001068115234,52.369998931884766,46.6666145324707
17-11-2014,51.65999984741211,52.09999847412109,1039200,52.400001525878906,52.27000045776367,46.5775032043457
18-11-2014,51.90999984741211,51.9900016784668,1279100,52.59000015258789,52.31999969482422,46.87315368652344
19-11-2014,51.720001220703125,52.25,725100,52.47999954223633,52.02000045776367,46.604373931884766
20-11-2014,51.709999084472656,51.790000915527344,563200,52.540000915527344,52.5,47.0344123840332
21-11-2014,52.25,52.630001068115234,793900,52.84999847412109,52.84999847412109,47.34796905517578
24-11-2014,52.04999923706055,52.5,921800,52.84999847412109,52.83000183105469,47.330055236816406
25-11-2014,52.59000015258789,52.91999816894531,739100,53.2400016784668,53.04999923706055,47.52714920043945
26-11-2014,53.0099983215332,53.119998931884766,731500,53.7599983215332,53.650001525878906,48.0646858215332
28-11-2014,53.0,53.09999847412109,465300,53.720001220703125,53.20000076293945,47.66154861450195
01-12-2014,52.75,52.93000030517578,794700,53.43999862670898,53.290000915527344,47.742164611816406
02-12-2014,52.810001373291016,53.130001068115234,642000,53.77000045776367,53.59000015258789,48.01092529296875
03-12-2014,53.34999847412109,53.470001220703125,543500,54.04999923706055,54.02000045776367,48.39617538452149
04-12-2014,53.65999984741211,53.84999847412109,464200,54.25,54.25,48.60223007202149
05-12-2014,54.0,54.43000030517578,517900,54.58000183105469,54.470001220703125,48.79932022094727
08-12-2014,54.29999923706055,54.369998931884766,824400,54.91999816894531,54.75,49.050174713134766
09-12-2014,53.93000030517578,54.43999862670898,651300,54.4900016784668,54.45000076293945,48.781394958496094
10-12-2014,53.11000061035156,53.4900016784668,1188400,53.77000045776367,53.34999847412109,47.79591751098633
11-12-2014,53.18000030517578,53.540000915527344,698000,53.77999877929688,53.59000015258789,48.01092529296875
12-12-2014,52.630001068115234,53.29999923706055,822100,53.650001525878906,53.459999084472656,47.89446258544922
15-12-2014,52.790000915527344,53.25,933800,53.65999984741211,53.34999847412109,47.79591751098633
16-12-2014,53.0099983215332,53.22999954223633,1672300,54.7400016784668,54.470001220703125,48.79932022094727
17-12-2014,53.7599983215332,54.31999969482422,2590200,55.0,54.95000076293945,49.22935104370117
18-12-2014,55.02999877929688,55.119998931884766,1339000,56.41999816894531,55.91999816894531,50.098365783691406
19-12-2014,55.43000030517578,55.900001525878906,1228400,56.400001525878906,56.2400016784668,50.385047912597656
22-12-2014,56.08000183105469,56.33000183105469,703300,57.0,56.790000915527344,50.87779998779297
23-12-2014,56.22999954223633,57.0,1039400,57.02000045776367,56.9900016784668,51.05698394775391
24-12-2014,56.619998931884766,57.02999877929688,424600,57.41999816894531,57.38999938964844,51.41532516479492
26-12-2014,57.2400016784668,57.47999954223633,277300,57.56999969482422,57.36000061035156,51.388465881347656
29-12-2014,56.880001068115234,57.310001373291016,517600,57.5,56.900001525878906,50.97635269165039
30-12-2014,56.459999084472656,56.810001373291016,435700,57.16999816894531,56.7400016784668,50.833003997802734
31-12-2014,56.060001373291016,56.869998931884766,621200,57.18000030517578,56.060001373291016,50.22380447387695
02-01-2015,56.400001525878906,56.400001525878906,1035200,57.38999938964844,57.16999816894531,51.21822738647461
05-01-2015,56.84999847412109,57.040000915527344,689800,57.43999862670898,57.060001373291016,51.11969375610352
06-01-2015,56.45000076293945,56.93999862670898,1594200,57.27000045776367,56.650001525878906,50.75237655639648
07-01-2015,56.119998931884766,56.83000183105469,1179800,57.04999923706055,57.02999877929688,51.09280014038086
08-01-2015,57.09999847412109,57.25,1061100,58.13999938964844,57.9900016784668,51.9528694152832
09-01-2015,57.459999084472656,58.13999938964844,910200,58.310001373291016,58.15999984741211,52.10515594482422
12-01-2015,58.0099983215332,58.02000045776367,1078800,59.060001373291016,58.68999862670898,52.579986572265625
13-01-2015,58.91999816894531,58.91999816894531,1778000,60.15999984741211,59.83000183105469,53.60131072998047
14-01-2015,59.290000915527344,59.40999984741211,1236000,60.33000183105469,60.31999969482422,54.04030227661133
15-01-2015,60.150001525878906,60.40999984741211,1216600,60.59000015258789,60.27000045776367,53.99551010131836
16-01-2015,59.68000030517578,59.90999984741211,1375300,60.79999923706055,60.72999954223633,54.40761184692383
20-01-2015,59.56999969482422,59.86000061035156,2502800,60.540000915527344,60.220001220703125,53.9507064819336
21-01-2015,59.83000183105469,60.0,1660400,60.43999862670898,60.09999847412109,53.843204498291016
22-01-2015,59.63999938964844,59.9900016784668,2015300,61.95000076293945,61.86000061035156,55.41997528076172
23-01-2015,63.650001525878906,63.9900016784668,5307800,67.5,65.23999786376953,58.44808578491211
26-01-2015,65.05000305175781,65.16999816894531,2722300,67.31999969482422,67.16999816894531,60.17716598510742
27-01-2015,65.13999938964844,66.73999786376953,2426200,66.87000274658203,65.19999694824219,58.41226196289063
28-01-2015,63.18999862670898,64.54000091552734,1647200,64.75,63.31999969482422,56.72797393798828
29-01-2015,62.290000915527344,63.25,1139500,63.380001068115234,63.02999877929688,56.46816253662109
30-01-2015,62.34000015258789,62.9900016784668,991100,63.02000045776367,62.470001220703125,55.96647262573242
02-02-2015,61.2599983215332,62.27000045776367,1367400,62.66999816894531,62.59000015258789,56.073974609375
03-02-2015,62.2599983215332,62.54999923706055,753300,63.619998931884766,63.52999877929688,56.91609954833984
04-02-2015,62.720001220703125,63.02999877929688,1043800,63.7599983215332,63.119998931884766,56.54879760742188
05-02-2015,63.0099983215332,63.31999969482422,838400,64.08999633789062,63.900001525878906,57.247596740722656
06-02-2015,63.540000915527344,63.70000076293945,723300,64.0999984741211,63.83000183105469,57.18489837646485
09-02-2015,63.11000061035156,63.70000076293945,423900,63.7400016784668,63.25,56.66525650024414
10-02-2015,63.18000030517578,63.560001373291016,934000,64.29000091552734,63.77999877929688,57.39418029785156
11-02-2015,63.95000076293945,63.95000076293945,1484700,65.58999633789062,65.0999984741211,58.58200454711914
12-02-2015,64.8499984741211,65.5,676300,65.69000244140625,65.45999908447266,58.90595245361328
13-02-2015,65.54000091552734,65.54000091552734,467200,66.33999633789062,66.25,59.61686706542969
17-02-2015,65.87999725341797,66.0,600700,66.5199966430664,66.43000030517578,59.77885437011719
18-02-2015,65.7300033569336,66.13999938964844,654400,66.44000244140625,65.9800033569336,59.37388610839844
19-02-2015,65.11000061035156,65.62000274658203,557900,65.62000274658203,65.16000366210938,58.63600540161133
20-02-2015,64.5,64.94000244140625,552200,65.77999877929688,65.77999877929688,59.19391632080078
23-02-2015,65.70999908447266,65.72000122070312,459800,66.08000183105469,65.81999969482422,59.229923248291016
24-02-2015,64.63999938964844,65.83999633789062,608300,65.83999633789062,65.37999725341797,58.833961486816406
25-02-2015,64.83999633789062,65.47000122070312,326300,65.47000122070312,65.2699966430664,58.7349853515625
26-02-2015,64.19000244140625,64.98999786376953,676600,64.98999786376953,64.23999786376953,57.808101654052734
27-02-2015,64.06999969482422,64.3499984741211,583100,64.63999938964844,64.36000061035156,57.91609573364258
02-03-2015,64.23999786376953,64.36000061035156,732600,65.08000183105469,64.76000213623047,58.27604675292969
03-03-2015,64.16000366210938,64.7699966430664,470000,64.7699966430664,64.48999786376953,58.0330810546875
04-03-2015,64.30000305175781,64.41999816894531,610400,65.2300033569336,64.83999633789062,58.34803771972656
05-03-2015,65.11000061035156,65.11000061035156,751700,66.0,65.70999908447266,59.13092422485352
06-03-2015,65.62999725341797,66.62999725341797,863300,66.69000244140625,65.8499984741211,59.25692367553711
09-03-2015,66.36000061035156,66.75,858600,67.58999633789062,67.30000305175781,60.56172943115234
10-03-2015,66.2699966430664,66.72000122070312,638400,66.75,66.27999877929688,59.64385986328125
11-03-2015,66.45999908447266,66.58000183105469,739200,67.6500015258789,67.58000183105469,60.81371688842773
12-03-2015,68.08000183105469,68.13999938964844,548500,68.81999969482422,68.69999694824219,61.82157516479492
13-03-2015,67.30000305175781,67.95999908447266,499100,68.06999969482422,67.79000091552734,61.00267791748047
16-03-2015,69.0999984741211,69.0999984741211,1024300,71.19999694824219,71.0199966430664,63.90928649902344
17-03-2015,70.05000305175781,70.22000122070312,1098800,71.20999908447266,70.87000274658203,63.77431869506836
18-03-2015,71.12999725341797,71.44999694824219,882100,72.7699966430664,72.44000244140625,65.1871109008789
19-03-2015,71.36000061035156,72.33000183105469,1170100,72.80000305175781,71.69000244140625,64.51219940185547
20-03-2015,71.44999694824219,71.9800033569336,1439500,72.1500015258789,71.75,64.56619262695312
23-03-2015,71.79000091552734,71.79000091552734,784300,72.66000366210938,72.30000305175781,65.06111907958984
24-03-2015,71.2699966430664,72.30000305175781,712900,72.30999755859375,71.33999633789062,64.19722747802734
25-03-2015,70.26000213623047,71.43000030517578,578200,71.93000030517578,70.37999725341797,63.33335494995117
26-03-2015,69.69000244140625,70.02999877929688,552900,70.55000305175781,70.25,63.21637725830078
27-03-2015,70.45999908447266,70.45999908447266,586500,72.0999984741211,71.55000305175781,64.3862075805664
30-03-2015,71.54000091552734,71.68000030517578,796500,72.18000030517578,71.6500015258789,64.47620391845703
31-03-2015,70.72000122070312,70.9800033569336,826500,72.06999969482422,71.77999877929688,64.59317779541016
01-04-2015,70.06999969482422,71.95999908447266,757700,71.95999908447266,71.38999938964844,64.24223327636719
02-04-2015,71.4000015258789,71.68000030517578,669100,72.69000244140625,72.5199966430664,65.25909423828125
06-04-2015,72.54000091552734,72.54000091552734,1910100,74.30000305175781,73.88999938964844,66.49195098876953
07-04-2015,72.41000366210938,75.08999633789062,1635200,75.33000183105469,72.41000366210938,65.16010284423828
08-04-2015,72.23999786376953,72.23999786376953,966100,73.18000030517578,72.94000244140625,65.63704681396484
09-04-2015,72.73999786376953,72.94999694824219,559100,73.91999816894531,73.83999633789062,66.44691467285156
10-04-2015,73.68000030517578,73.91999816894531,600100,75.04000091552734,74.81999969482422,67.32882690429688
13-04-2015,74.54000091552734,74.77999877929688,604400,75.22000122070312,74.77999877929688,67.29281616210938
14-04-2015,73.0199966430664,74.73999786376953,808100,74.73999786376953,73.79000091552734,66.40194702148438
15-04-2015,73.0,73.23999786376953,789900,73.31999969482422,73.02999877929688,65.71803283691406
16-04-2015,72.16999816894531,73.12000274658203,746200,73.1500015258789,72.25,65.01612091064453
17-04-2015,71.29000091552734,71.9000015258789,721500,72.01000213623047,71.87999725341797,64.68316650390625
20-04-2015,72.1500015258789,72.31999969482422,574900,73.05000305175781,72.91999816894531,65.61903381347656
21-04-2015,72.76000213623047,73.13999938964844,986000,73.54000091552734,73.11000061035156,65.79002380371094
22-04-2015,72.55000305175781,72.62999725341797,815300,73.44000244140625,73.27999877929688,65.94298553466797
23-04-2015,72.30000305175781,72.5199966430664,1203800,74.13999938964844,73.37999725341797,66.03299713134766
24-04-2015,65.05000305175781,66.69999694824219,3123400,67.9000015258789,65.69999694824219,59.12193298339844
27-04-2015,64.23999786376953,65.31999969482422,1932300,65.83999633789062,64.55000305175781,58.08708572387695
28-04-2015,64.02999877929688,64.25,1054500,65.2699966430664,64.68000030517578,58.204044342041016
29-04-2015,63.9900016784668,64.7300033569336,941900,64.8499984741211,64.08999633789062,57.67313003540039
30-04-2015,63.68000030517578,63.97999954223633,882800,64.52999877929688,63.93999862670898,57.53815841674805
01-05-2015,63.91999816894531,63.91999816894531,1021200,64.8499984741211,64.77999877929688,58.29404830932617
04-05-2015,65.0199966430664,65.0999984741211,971000,66.0199966430664,65.6500015258789,59.07694625854492
05-05-2015,64.38999938964844,65.68000030517578,834300,65.7699966430664,64.61000061035156,58.14105987548828
06-05-2015,64.5199966430664,65.1500015258789,581500,65.38999938964844,64.83000183105469,58.33903503417969
07-05-2015,64.83000183105469,64.98999786376953,505700,65.3499984741211,65.16999816894531,58.644996643066406
08-05-2015,65.47000122070312,65.93000030517578,554300,66.62000274658203,65.62000274658203,59.0499382019043
11-05-2015,65.29000091552734,65.36000061035156,636400,65.7699966430664,65.5999984741211,59.03194046020508
12-05-2015,64.61000061035156,65.19999694824219,395600,65.5,65.37000274658203,58.82498550415039
13-05-2015,54.5,58.95000076293945,8885700,58.95000076293945,55.47999954223633,49.92518997192383
14-05-2015,55.560001373291016,55.560001373291016,2820200,56.84000015258789,56.459999084472656,50.807071685791016
15-05-2015,55.95000076293945,56.619998931884766,1023400,56.619998931884766,56.20000076293945,50.57309341430664
18-05-2015,55.4900016784668,55.77999877929688,2000000,56.83000183105469,56.810001373291016,51.12202072143555
19-05-2015,56.459999084472656,56.459999084472656,1028500,57.27999877929688,56.83000183105469,51.3933219909668
20-05-2015,56.4900016784668,56.68999862670898,709800,57.88999938964844,57.25,51.77314376831055
21-05-2015,56.77000045776367,57.2400016784668,732500,57.459999084472656,57.31999969482422,51.83644104003906
22-05-2015,56.86000061035156,57.27000045776367,802600,57.4900016784668,57.08000183105469,51.619407653808594
26-05-2015,56.97999954223633,57.2599983215332,833200,57.630001068115234,57.41999816894531,51.92688751220703
27-05-2015,57.47999954223633,57.5099983215332,1099200,58.400001525878906,58.09999847412109,52.54182815551758
28-05-2015,57.9900016784668,57.9900016784668,572800,58.7400016784668,58.650001525878906,53.03921127319336
29-05-2015,58.54999923706055,58.650001525878906,885600,59.45000076293945,58.81999969482422,53.19294357299805
01-06-2015,58.540000915527344,58.79999923706055,795200,59.560001373291016,59.34000015258789,53.66320037841797
02-06-2015,58.52000045776367,59.04999923706055,845500,59.7599983215332,59.68000030517578,53.970680236816406
03-06-2015,59.15999984741211,59.66999816894531,591200,60.0,59.59000015258789,53.8892936706543
04-06-2015,58.77999877929688,59.220001220703125,766800,59.70000076293945,59.59000015258789,53.8892936706543
05-06-2015,59.27999877929688,59.560001373291016,427300,59.79999923706055,59.65999984741211,53.95258712768555
08-06-2015,58.79999923706055,59.720001220703125,881700,59.84999847412109,58.93000030517578,53.29242706298828
09-06-2015,58.29999923706055,58.95000076293945,1125600,59.0,58.70000076293945,53.08443069458008
10-06-2015,58.310001373291016,58.79999923706055,600200,58.88999938964844,58.79999923706055,53.17487335205078
11-06-2015,58.88999938964844,59.060001373291016,902100,59.400001525878906,59.09999847412109,53.4461555480957
12-06-2015,58.459999084472656,58.880001068115234,615200,58.9900016784668,58.560001373291016,52.957820892333984
15-06-2015,57.7599983215332,58.33000183105469,681400,58.75,58.54999923706055,52.94879150390625
16-06-2015,57.56999969482422,58.2599983215332,1259800,58.59000015258789,57.7599983215332,52.23434448242188
17-06-2015,56.65999984741211,57.630001068115234,1148600,57.7400016784668,57.150001525878906,51.68271255493164
18-06-2015,56.619998931884766,56.84999847412109,856800,57.38999938964844,57.20000076293945,51.72793197631836
19-06-2015,56.86000061035156,57.25,1113300,57.720001220703125,57.560001373291016,52.05348587036133
22-06-2015,57.52000045776367,58.20000076293945,531800,58.38999938964844,58.0099983215332,52.4604377746582
23-06-2015,56.58000183105469,57.95000076293945,730500,57.970001220703125,56.7599983215332,51.33001327514648
24-06-2015,56.290000915527344,56.52000045776367,559300,56.97999954223633,56.29999923706055,50.91403198242188
25-06-2015,56.0,56.52999877929688,830900,57.0,56.18999862670898,50.814544677734375
26-06-2015,55.77999877929688,56.459999084472656,854300,56.63999938964844,55.88999938964844,50.54323959350586
29-06-2015,54.900001525878906,55.27000045776367,881000,56.33000183105469,55.43999862670898,50.13629913330078
30-06-2015,55.83000183105469,56.150001525878906,913500,56.52000045776367,56.369998931884766,50.97732925415039
01-07-2015,55.130001068115234,56.68000030517578,856400,56.75,55.29999923706055,50.00967788696289
02-07-2015,54.810001373291016,55.52999877929688,843400,55.540000915527344,55.310001373291016,50.01873397827149
06-07-2015,54.84999847412109,55.02999877929688,2215300,55.52999877929688,55.380001068115234,50.0820541381836
07-07-2015,55.310001373291016,55.630001068115234,914100,56.70000076293945,56.630001068115234,51.21246337890625
08-07-2015,55.880001068115234,56.43000030517578,839400,56.970001220703125,56.0099983215332,50.65176773071289
09-07-2015,55.93000030517578,56.25,749000,57.04999923706055,56.77000045776367,51.33907699584961
10-07-2015,56.540000915527344,57.0099983215332,605200,57.2599983215332,57.04999923706055,51.592281341552734
13-07-2015,56.869998931884766,57.58000183105469,802100,57.90999984741211,57.400001525878906,51.90879440307617
14-07-2015,56.380001068115234,57.209999084472656,665600,57.720001220703125,57.58000183105469,52.07157516479492
15-07-2015,56.90999984741211,57.59000015258789,607000,57.68000030517578,57.290000915527344,51.80932235717773
16-07-2015,57.47999954223633,57.77999877929688,489200,57.900001525878906,57.790000915527344,52.261497497558594
17-07-2015,57.22999954223633,57.77999877929688,597400,57.77999877929688,57.34000015258789,51.85453414916992
20-07-2015,56.86000061035156,57.470001220703125,638700,57.470001220703125,57.119998931884766,51.65559005737305
21-07-2015,56.540000915527344,57.119998931884766,670600,57.20000076293945,56.7599983215332,51.33001327514648
22-07-2015,56.220001220703125,56.7599983215332,943800,56.7599983215332,56.54999923706055,51.140113830566406
23-07-2015,56.18000030517578,56.61000061035156,955800,56.61000061035156,56.27000045776367,50.88689804077149
24-07-2015,55.81999969482422,56.11000061035156,773900,56.650001525878906,55.91999816894531,50.57038879394531
27-07-2015,55.040000915527344,55.95000076293945,785600,56.34999847412109,55.16999816894531,49.892120361328125
28-07-2015,55.220001220703125,55.59999847412109,1061500,56.9900016784668,56.70000076293945,51.275760650634766
29-07-2015,55.31999969482422,56.400001525878906,1076400,56.45000076293945,55.91999816894531,50.57038879394531
30-07-2015,55.0,55.0,1077500,56.2599983215332,56.119998931884766,50.751243591308594
31-07-2015,56.5,56.5,2017300,58.81999969482422,57.95000076293945,52.40617752075195
03-08-2015,55.20000076293945,57.68999862670898,1339500,57.9900016784668,55.400001525878906,50.10013961791992
04-08-2015,55.52999877929688,56.77999877929688,1371700,57.040000915527344,55.900001525878906,50.55228805541992
05-08-2015,55.22999954223633,55.97999954223633,818200,56.09000015258789,55.54999923706055,50.23577880859375
06-08-2015,54.34999847412109,55.86000061035156,883100,56.310001373291016,54.83000183105469,49.58465576171875
07-08-2015,54.0099983215332,54.86000061035156,881300,55.130001068115234,54.880001068115234,49.6298713684082
10-08-2015,55.13999938964844,55.209999084472656,712100,55.59999847412109,55.43999862670898,50.13629913330078
11-08-2015,54.709999084472656,54.91999816894531,512100,55.709999084472656,55.15999984741211,49.883087158203125
12-08-2015,54.31999969482422,54.81999969482422,626800,55.2400016784668,55.18000030517578,49.90117645263672
13-08-2015,54.66999816894531,54.7599983215332,371600,55.63999938964844,55.29999923706055,50.00967788696289
14-08-2015,54.959999084472656,55.0,367200,55.88999938964844,55.84999847412109,50.507080078125
17-08-2015,54.93999862670898,55.540000915527344,911200,56.040000915527344,55.29999923706055,50.00967788696289
18-08-2015,54.869998931884766,55.119998931884766,509600,55.619998931884766,54.88999938964844,49.9096794128418
19-08-2015,53.869998931884766,54.70000076293945,463600,54.75,54.459999084472656,49.518680572509766
20-08-2015,53.4900016784668,53.959999084472656,840100,54.619998931884766,53.93000030517578,49.03677368164063
21-08-2015,52.47999954223633,53.45000076293945,849000,53.72999954223633,52.5,47.73653030395508
24-08-2015,48.9900016784668,50.09000015258789,1818400,51.380001068115234,49.540000915527344,45.04509353637695
25-08-2015,50.0099983215332,50.75,1207700,51.59000015258789,50.52000045776367,45.93617630004883
26-08-2015,50.5,51.5099983215332,1000100,51.810001373291016,51.810001373291016,47.109134674072266
27-08-2015,51.040000915527344,52.09999847412109,1020800,52.209999084472656,51.650001525878906,46.96365737915039
28-08-2015,51.540000915527344,51.70000076293945,530600,52.52999877929688,52.470001220703125,47.70923614501953
31-08-2015,51.83000183105469,52.40999984741211,651500,52.72999954223633,51.93999862670898,47.22732162475586
01-09-2015,50.209999084472656,50.79999923706055,1353600,51.22999954223633,50.75,46.14530563354492
02-09-2015,50.91999816894531,51.36000061035156,606900,51.90999984741211,51.90999984741211,47.20005416870117
03-09-2015,51.58000183105469,52.0,450400,52.43000030517578,51.630001068115234,46.94546127319336
04-09-2015,51.060001373291016,51.060001373291016,511500,51.619998931884766,51.16999816894531,46.52720642089844
08-09-2015,51.2400016784668,51.9900016784668,696700,51.9900016784668,51.90999984741211,47.20005416870117
09-09-2015,50.290000915527344,51.869998931884766,745100,51.88999938964844,50.40999984741211,45.83616638183594
10-09-2015,49.90999984741211,50.06999969482422,811700,51.040000915527344,50.720001220703125,46.1180305480957
11-09-2015,50.2400016784668,50.36000061035156,841200,51.86000061035156,51.47999954223633,46.809078216552734
14-09-2015,50.77999877929688,51.34999847412109,941200,51.34999847412109,50.95000076293945,46.32715606689453
15-09-2015,50.459999084472656,50.88999938964844,771100,51.040000915527344,50.900001525878906,46.28170394897461
16-09-2015,50.52000045776367,50.84000015258789,632800,51.0,50.900001525878906,46.28170394897461
17-09-2015,50.709999084472656,50.7599983215332,595300,51.900001525878906,51.25,46.59993743896485
18-09-2015,50.56999969482422,50.7400016784668,1180500,51.29999923706055,51.0,46.37262344360352
21-09-2015,50.25,51.2400016784668,628000,51.84999847412109,50.27000045776367,45.708866119384766
22-09-2015,49.220001220703125,50.0,483000,50.09999847412109,49.790000915527344,45.27241516113281
23-09-2015,49.630001068115234,49.7599983215332,364300,50.52000045776367,49.7400016784668,45.22694778442383
24-09-2015,49.63999938964844,49.63999938964844,1181100,51.79999923706055,51.720001220703125,47.02729415893555
25-09-2015,50.02000045776367,51.720001220703125,917400,51.84000015258789,50.52000045776367,45.93617630004883
28-09-2015,49.11000061035156,50.220001220703125,979200,50.380001068115234,49.43000030517578,44.9450798034668
29-09-2015,49.25,49.369998931884766,969300,50.7400016784668,50.619998931884766,46.027099609375
30-09-2015,50.470001220703125,51.06999969482422,1268700,51.41999816894531,50.959999084472656,46.33625411987305
01-10-2015,50.47999954223633,50.959999084472656,1018900,51.31999969482422,51.25,46.59993743896485
02-10-2015,50.58000183105469,50.66999816894531,503700,51.66999816894531,51.66999816894531,46.98183441162109
05-10-2015,52.06999969482422,52.130001068115234,539800,53.0,52.65999984741211,47.88200378417969
06-10-2015,52.02999877929688,52.47999954223633,739900,53.06999969482422,52.91999816894531,48.118412017822266
07-10-2015,53.0,53.27000045776367,776700,54.09999847412109,54.06999969482422,49.1640625
08-10-2015,53.369998931884766,53.59000015258789,607500,53.97999954223633,53.90999984741211,49.01860046386719
09-10-2015,53.72999954223633,53.84999847412109,453000,54.709999084472656,54.29999923706055,49.37320327758789
12-10-2015,53.86000061035156,54.040000915527344,288100,54.630001068115234,54.54999923706055,49.60052108764648
13-10-2015,54.060001373291016,54.34000015258789,626300,54.68000030517578,54.52000045776367,49.573238372802734
14-10-2015,54.720001220703125,54.75,588300,55.470001220703125,55.25,50.23701095581055
15-10-2015,55.27999877929688,55.34999847412109,606900,56.34999847412109,56.33000183105469,51.21902847290039
16-10-2015,56.16999816894531,56.45000076293945,346900,56.90999984741211,56.5,51.37359619140625
19-10-2015,56.25,56.29999923706055,898400,58.0,57.88999938964844,52.6374626159668
20-10-2015,56.150001525878906,57.150001525878906,1117300,57.290000915527344,56.459999084472656,51.33721160888672
21-10-2015,55.22999954223633,55.7599983215332,1263000,56.31999969482422,56.209999084472656,51.109901428222656
22-10-2015,55.29999923706055,56.060001373291016,1172800,56.13999938964844,55.5,50.46432495117188
23-10-2015,55.72999954223633,56.31999969482422,1395200,57.93000030517578,56.25,51.146278381347656
26-10-2015,55.75,56.0,693700,56.5099983215332,56.2400016784668,51.1371955871582
27-10-2015,56.43000030517578,56.470001220703125,747400,57.43000030517578,57.40999984741211,52.20103073120117
28-10-2015,55.90999984741211,56.88999938964844,660800,57.709999084472656,57.70000076293945,52.464725494384766
29-10-2015,56.959999084472656,57.13999938964844,625700,57.5099983215332,57.310001373291016,52.11010360717773
30-10-2015,57.220001220703125,57.560001373291016,843700,57.75,57.61000061035156,52.38288879394531
02-11-2015,57.2599983215332,57.650001525878906,459600,58.34000015258789,58.220001220703125,52.937538146972656
03-11-2015,57.810001373291016,58.09000015258789,532200,58.900001525878906,58.560001373291016,53.24668884277344
04-11-2015,58.06999969482422,58.84999847412109,696700,58.84999847412109,58.52999877929688,53.21939468383789
05-11-2015,57.84000015258789,58.36000061035156,373300,58.56999969482422,58.47999954223633,53.17394256591797
06-11-2015,57.59999847412109,58.0099983215332,503600,58.459999084472656,58.36000061035156,53.06483840942383
09-11-2015,57.59999847412109,58.0,811600,58.2599983215332,57.970001220703125,52.710208892822266
10-11-2015,57.380001068115234,57.630001068115234,626800,57.91999816894531,57.900001525878906,52.64657211303711
11-11-2015,57.83000183105469,57.900001525878906,653700,58.61000061035156,58.369998931884766,53.07391357421875
12-11-2015,57.25,57.84000015258789,832700,57.90999984741211,57.36000061035156,52.15556335449219
13-11-2015,56.45000076293945,57.02000045776367,626900,57.45000076293945,57.31999969482422,52.11919784545898
16-11-2015,56.7400016784668,57.09999847412109,531200,57.45000076293945,57.43000030517578,52.219215393066406
17-11-2015,57.09999847412109,57.15999984741211,479800,57.7400016784668,57.58000183105469,52.63052368164063
18-11-2015,57.0,57.70000076293945,502400,58.18999862670898,58.13999938964844,53.14238357543945
19-11-2015,57.77000045776367,58.130001068115234,453100,58.34000015258789,58.2400016784668,53.23379135131836
20-11-2015,58.400001525878906,58.400001525878906,439900,59.16999816894531,59.119998931884766,54.03815460205078
23-11-2015,58.18999862670898,58.47999954223633,632500,58.720001220703125,58.45000076293945,53.42575454711914
24-11-2015,58.15999984741211,58.22999954223633,1371300,59.470001220703125,59.09000015258789,54.01073455810547
25-11-2015,58.810001373291016,59.09999847412109,451600,59.79999923706055,59.540000915527344,54.42205047607422
27-11-2015,59.540000915527344,59.650001525878906,266500,60.11000061035156,60.02000045776367,54.860782623291016
30-11-2015,59.40999984741211,59.91999816894531,896400,60.290000915527344,59.56999969482422,54.44947052001953
01-12-2015,58.880001068115234,59.869998931884766,896400,59.959999084472656,59.93000030517578,54.77853012084961
02-12-2015,59.0099983215332,59.70000076293945,1024900,60.34999847412109,59.88999938964844,54.741966247558594
03-12-2015,58.09999847412109,59.52999877929688,969500,59.91999816894531,58.31999969482422,53.30692672729492
04-12-2015,57.77000045776367,58.2599983215332,889000,58.77999877929688,57.79999923706055,52.83161163330078
07-12-2015,56.31999969482422,56.97999954223633,1511300,57.0,56.52999877929688,51.670780181884766
08-12-2015,55.33000183105469,55.68999862670898,1352900,56.869998931884766,56.41999816894531,51.57024383544922
09-12-2015,54.88999938964844,55.81999969482422,1453100,55.83000183105469,55.060001373291016,50.32715225219727
10-12-2015,55.220001220703125,55.380001068115234,1223700,56.0,55.68000030517578,50.89386367797852
11-12-2015,55.0,55.27999877929688,1182600,55.59000015258789,55.310001373291016,50.55566787719727
14-12-2015,55.13999938964844,55.27999877929688,885400,55.95000076293945,55.65999984741211,50.87556457519531
15-12-2015,55.310001373291016,56.2599983215332,1865900,56.43999862670898,55.709999084472656,50.92127990722656
16-12-2015,55.77000045776367,56.130001068115234,1861100,56.81999969482422,56.130001068115234,51.30516815185547
17-12-2015,55.150001525878906,55.72999954223633,3083400,56.0,55.18999862670898,50.44597625732422
18-12-2015,53.959999084472656,55.18999862670898,2071900,55.43999862670898,54.0,49.35826110839844
21-12-2015,52.59999847412109,54.20000076293945,1174400,54.209999084472656,52.90999984741211,48.36195755004883
22-12-2015,52.790000915527344,53.47999954223633,1033700,53.66999816894531,53.540000915527344,48.937801361083984
23-12-2015,53.540000915527344,53.84999847412109,949800,54.5,54.119998931884766,49.46794509887695
24-12-2015,53.88999938964844,54.08000183105469,257400,54.18999862670898,53.91999816894531,49.28513717651367
28-12-2015,53.79999923706055,53.91999816894531,613800,54.119998931884766,54.119998931884766,49.46794509887695
29-12-2015,54.34999847412109,54.52999877929688,696100,54.900001525878906,54.5,49.81527328491211
30-12-2015,54.29999923706055,54.68999862670898,518000,55.0099983215332,54.369998931884766,49.69645690917969
31-12-2015,53.68000030517578,54.20000076293945,542900,54.4900016784668,53.68999862670898,49.07491302490234
04-01-2016,51.70000076293945,52.970001220703125,1350700,52.970001220703125,52.209999084472656,47.72212600708008
05-01-2016,52.209999084472656,52.209999084472656,651200,53.02000045776367,52.43999862670898,47.932350158691406
06-01-2016,51.09000015258789,51.66999816894531,1274900,51.88999938964844,51.400001525878906,46.98175048828125
07-01-2016,50.77000045776367,50.810001373291016,1364900,52.02000045776367,51.86000061035156,47.40220642089844
08-01-2016,51.91999816894531,52.13999938964844,1204500,52.59999847412109,52.119998931884766,47.63986587524414
11-01-2016,51.95000076293945,52.15999984741211,1328400,52.65999984741211,52.31999969482422,47.822662353515625
12-01-2016,52.400001525878906,52.66999816894531,1003600,53.27000045776367,53.130001068115234,48.56304168701172
13-01-2016,53.02999877929688,53.630001068115234,1286200,53.84999847412109,53.119998931884766,48.55391311645508
14-01-2016,52.79999923706055,53.22999954223633,1198300,54.27000045776367,54.16999816894531,49.51365280151367
15-01-2016,52.380001068115234,53.16999816894531,1406100,53.34000015258789,53.290000915527344,48.70930099487305
19-01-2016,52.59999847412109,52.65999984741211,1958600,53.84999847412109,53.65999984741211,49.047489166259766
20-01-2016,52.369998931884766,53.0,2601500,54.11000061035156,53.7599983215332,49.13888168334961
21-01-2016,53.27999877929688,53.880001068115234,1866000,55.13999938964844,54.040000915527344,49.39482116699219
22-01-2016,57.380001068115234,57.619998931884766,4048300,60.0,57.56999969482422,52.62139129638672
25-01-2016,57.70000076293945,57.790000915527344,1875200,59.650001525878906,58.65999984741211,53.6176986694336
26-01-2016,58.290000915527344,58.68999862670898,1258900,59.08000183105469,59.02000045776367,53.94675064086914
27-01-2016,57.36000061035156,59.0099983215332,1126100,59.34000015258789,57.56999969482422,52.62139129638672
28-01-2016,55.97999954223633,57.95000076293945,1485500,58.02000045776367,56.25,51.414852142333984
29-01-2016,56.380001068115234,56.70000076293945,1706400,57.18999862670898,56.70000076293945,51.826171875
01-02-2016,56.29999923706055,56.77000045776367,1052600,57.52000045776367,57.22999954223633,52.31062316894531
02-02-2016,56.65999984741211,57.0,783600,57.290000915527344,57.04999923706055,52.146087646484375
03-02-2016,57.0099983215332,57.540000915527344,1912900,57.84999847412109,57.58000183105469,52.63052368164063
04-02-2016,56.91999816894531,57.27999877929688,1763100,58.0,57.81999969482422,52.849910736083984
05-02-2016,57.310001373291016,58.119998931884766,1045200,58.58000183105469,57.41999816894531,52.48428726196289
08-02-2016,56.40999984741211,56.88999938964844,895900,57.209999084472656,57.040000915527344,52.13694763183594
09-02-2016,55.83000183105469,55.9900016784668,1427500,57.630001068115234,57.18000030517578,52.54125213623047
10-02-2016,57.18999862670898,57.560001373291016,1887300,58.93000030517578,57.7400016784668,53.05582427978516
11-02-2016,56.16999816894531,56.72999954223633,1449000,57.56999969482422,57.119998931884766,52.486114501953125
12-02-2016,56.790000915527344,57.34000015258789,827600,57.90999984741211,57.880001068115234,53.1844596862793
16-02-2016,58.150001525878906,58.20000076293945,978100,59.31999969482422,59.02999877929688,54.24116897583008
17-02-2016,59.0,59.5099983215332,823300,59.65999984741211,59.25,54.44332885742188
18-02-2016,59.08000183105469,59.40999984741211,780300,59.869998931884766,59.20000076293945,54.39737701416016
19-02-2016,58.61000061035156,59.13999938964844,535900,59.13999938964844,58.900001525878906,54.12172317504883
22-02-2016,59.119998931884766,59.470001220703125,613500,59.63999938964844,59.2599983215332,54.4525032043457
23-02-2016,57.27999877929688,58.58000183105469,1864200,58.900001525878906,57.9900016784668,53.28554534912109
24-02-2016,56.83000183105469,57.29999923706055,1000200,57.970001220703125,57.790000915527344,53.10176467895508
25-02-2016,57.209999084472656,58.0,1070200,58.0,57.400001525878906,52.7433967590332
26-02-2016,57.43000030517578,57.66999816894531,975500,58.13999938964844,57.7400016784668,53.05582427978516
29-02-2016,56.84999847412109,57.86000061035156,803400,58.33000183105469,56.90999984741211,52.293155670166016
01-03-2016,56.900001525878906,57.2599983215332,833600,57.58000183105469,57.33000183105469,52.67908477783203
02-03-2016,56.81999969482422,57.0,682400,57.36000061035156,57.25,52.605587005615234
03-03-2016,56.9900016784668,57.5099983215332,948300,58.02999877929688,57.43000030517578,52.77097702026367
04-03-2016,57.45000076293945,57.59999847412109,717200,58.02999877929688,57.84999847412109,53.15690612792969
07-03-2016,57.5,57.75,1905900,58.36000061035156,58.09999847412109,53.3866081237793
08-03-2016,57.68000030517578,57.790000915527344,1010700,58.18999862670898,57.95000076293945,53.2487907409668
09-03-2016,57.90999984741211,58.08000183105469,801000,58.09999847412109,57.9900016784668,53.28554534912109
10-03-2016,57.91999816894531,58.130001068115234,1781900,59.04999923706055,58.79999923706055,54.02982711791992
11-03-2016,59.22999954223633,59.27000045776367,1218900,60.4900016784668,60.36000061035156,55.46327209472656
14-03-2016,58.91999816894531,59.900001525878906,675100,59.900001525878906,59.09000015258789,54.29630661010742
15-03-2016,58.31999969482422,58.65999984741211,656600,58.970001220703125,58.77999877929688,54.01144409179688
16-03-2016,56.75,58.16999816894531,1203900,58.16999816894531,57.29999923706055,52.65150833129883
17-03-2016,55.7599983215332,57.08000183105469,1512200,57.380001068115234,56.0,51.45697784423828
18-03-2016,55.7400016784668,55.81999969482422,1647200,56.619998931884766,56.34000015258789,51.76940536499024
21-03-2016,55.91999816894531,56.130001068115234,906000,56.619998931884766,56.18999862670898,51.631568908691406
22-03-2016,55.79999923706055,55.900001525878906,1150600,56.4900016784668,56.369998931884766,51.79697036743164
23-03-2016,55.84999847412109,56.31999969482422,1602500,57.02999877929688,56.34999847412109,51.778587341308594
24-03-2016,55.130001068115234,55.77999877929688,795800,56.06999969482422,55.470001220703125,50.9699821472168
28-03-2016,55.5099983215332,55.720001220703125,1255200,56.11000061035156,55.970001220703125,51.42941284179688
29-03-2016,55.29999923706055,56.0099983215332,1490300,56.34000015258789,56.2599983215332,51.69589614868164
30-03-2016,56.27000045776367,56.630001068115234,755700,57.22999954223633,56.88999938964844,52.27477645874024
31-03-2016,56.84000015258789,56.84000015258789,1139000,58.209999084472656,57.81999969482422,53.12932205200195
01-04-2016,57.33000183105469,57.68999862670898,900800,59.02000045776367,58.9900016784668,54.20442199707031
04-04-2016,58.290000915527344,58.7400016784668,1249200,58.9900016784668,58.77999877929688,54.01144409179688
05-04-2016,57.68000030517578,58.02000045776367,1077200,58.540000915527344,58.18000030517578,53.46012496948242
06-04-2016,58.11000061035156,58.11000061035156,836700,59.61000061035156,59.52000045776367,54.69141387939453
07-04-2016,58.630001068115234,59.11000061035156,1123200,59.58000183105469,59.0,54.21360778808594
08-04-2016,58.38999938964844,58.86000061035156,532100,59.150001525878906,58.58000183105469,53.82767868041992
11-04-2016,58.5099983215332,58.70000076293945,447100,59.04999923706055,58.720001220703125,53.95631790161133
12-04-2016,58.650001525878906,58.84999847412109,487900,59.4900016784668,59.40999984741211,54.59034729003906
13-04-2016,59.61000061035156,59.61000061035156,745500,60.34999847412109,60.18999862670898,55.30705642700195
14-04-2016,59.40999984741211,60.09999847412109,717200,60.400001525878906,59.459999084472656,54.63628768920898
15-04-2016,58.86000061035156,59.34000015258789,665400,59.75,59.75,54.90276718139648
18-04-2016,59.45000076293945,59.45000076293945,519400,60.209999084472656,59.900001525878906,55.04059600830078
19-04-2016,59.09000015258789,59.93000030517578,696600,59.9900016784668,59.66999816894531,54.82923889160156
20-04-2016,59.380001068115234,59.56999969482422,685200,60.380001068115234,60.02000045776367,55.150856018066406
21-04-2016,59.47999954223633,59.47999954223633,1218700,60.52000045776367,60.43999862670898,55.53678894042969
22-04-2016,59.93999862670898,60.43000030517578,950400,60.72999954223633,60.720001220703125,55.7940673828125
25-04-2016,60.52999877929688,60.68000030517578,1245800,61.22999954223633,61.15999984741211,56.1983757019043
26-04-2016,60.38999938964844,61.11000061035156,1547100,61.11000061035156,60.95000076293945,56.00542449951172
27-04-2016,55.83000183105469,57.88999938964844,2650500,58.060001373291016,56.650001525878906,52.05425262451172
28-04-2016,55.959999084472656,57.15999984741211,2648700,57.34000015258789,56.5,51.91641616821289
29-04-2016,55.43000030517578,56.43000030517578,1188000,56.650001525878906,55.79999923706055,51.27320098876953
02-05-2016,55.70000076293945,55.84999847412109,724600,56.2599983215332,56.130001068115234,51.57643508911133
03-05-2016,55.5,55.91999816894531,878500,56.2599983215332,55.63999938964844,51.12618255615234
04-05-2016,55.63999938964844,55.84999847412109,854600,56.27999877929688,56.02999877929688,51.48455047607422
05-05-2016,56.09000015258789,56.290000915527344,737700,56.63999938964844,56.40999984741211,51.83371353149414
06-05-2016,55.91999816894531,56.36000061035156,593400,56.61000061035156,56.47999954223633,51.898040771484375
09-05-2016,56.34999847412109,56.40999984741211,682500,56.959999084472656,56.84000015258789,52.22883605957031
10-05-2016,57.02999877929688,57.25,537200,57.75,57.54999923706055,52.8812370300293
11-05-2016,57.220001220703125,57.70000076293945,919700,57.70000076293945,57.54999923706055,52.8812370300293
12-05-2016,57.33000183105469,57.61000061035156,745900,58.06999969482422,57.810001373291016,53.12013244628906
13-05-2016,57.11000061035156,57.7400016784668,533700,57.7400016784668,57.43999862670898,52.78015899658203
16-05-2016,57.5,57.59000015258789,595000,58.33000183105469,58.09000015258789,53.37742233276367
17-05-2016,57.06999969482422,57.90999984741211,742200,58.0099983215332,57.22999954223633,52.86018753051758
18-05-2016,56.83000183105469,57.25,739100,57.61000061035156,56.900001525878906,52.55538177490234
19-05-2016,56.27999877929688,56.709999084472656,562100,57.06999969482422,56.84000015258789,52.499961853027344
20-05-2016,56.84999847412109,56.900001525878906,778500,57.720001220703125,57.619998931884766,53.22040939331055
23-05-2016,57.31999969482422,57.77000045776367,546000,57.900001525878906,57.41999816894531,53.03567886352539
24-05-2016,57.43999862670898,57.630001068115234,657400,58.34999847412109,58.130001068115234,53.69147109985352
25-05-2016,57.720001220703125,58.38999938964844,940300,58.52999877929688,57.720001220703125,53.31277084350586
26-05-2016,57.61000061035156,57.720001220703125,554100,58.380001068115234,58.220001220703125,53.77459335327149
27-05-2016,58.130001068115234,58.130001068115234,552100,58.61000061035156,58.43999862670898,53.97780227661133
31-05-2016,58.5,58.720001220703125,2008100,59.16999816894531,59.060001373291016,54.55045318603516
01-06-2016,58.75,59.02999877929688,526800,59.38999938964844,59.16999816894531,54.65206527709961
02-06-2016,59.119998931884766,59.16999816894531,455500,59.560001373291016,59.54999923706055,55.003047943115234
03-06-2016,59.18999862670898,59.56999969482422,491800,59.83000183105469,59.540000915527344,54.99381256103516
06-06-2016,59.52999877929688,59.54999923706055,551900,60.08000183105469,59.86000061035156,55.28936767578125
07-06-2016,59.59000015258789,59.90999984741211,491700,60.15999984741211,59.880001068115234,55.3078498840332
08-06-2016,59.77000045776367,59.77000045776367,629000,60.43999862670898,60.22999954223633,55.63113021850586
09-06-2016,59.869998931884766,59.869998931884766,520400,60.54999923706055,60.5,55.88050842285156
10-06-2016,59.59999847412109,59.91999816894531,763300,60.33000183105469,59.79999923706055,55.23395919799805
13-06-2016,59.20000076293945,59.459999084472656,754000,59.869998931884766,59.220001220703125,54.698238372802734
14-06-2016,58.93000030517578,59.16999816894531,446300,59.68000030517578,59.58000183105469,55.0307502746582
15-06-2016,58.93000030517578,59.84000015258789,513200,60.0099983215332,58.97999954223633,54.4765739440918
16-06-2016,58.18000030517578,58.77999877929688,397700,58.91999816894531,58.7400016784668,54.25489044189453
17-06-2016,58.08000183105469,58.7400016784668,1016700,58.9900016784668,58.36000061035156,53.90390396118164
20-06-2016,59.040000915527344,59.040000915527344,563800,59.91999816894531,59.84999847412109,55.28014373779297
21-06-2016,60.31999969482422,60.52000045776367,1517300,61.959999084472656,61.77999877929688,57.062767028808594
22-06-2016,61.630001068115234,61.75,1041300,62.7400016784668,62.33000183105469,57.57077407836914
23-06-2016,62.72999954223633,62.75,1109400,64.12000274658203,64.08000183105469,59.18715286254883
24-06-2016,60.4900016784668,62.59000015258789,1495000,62.59000015258789,60.52000045776367,55.89897918701172
27-06-2016,58.27999877929688,60.29999923706055,1250500,60.459999084472656,59.220001220703125,54.698238372802734
28-06-2016,59.310001373291016,60.119998931884766,818800,60.34000015258789,60.34000015258789,55.73271560668945
29-06-2016,60.66999816894531,60.93999862670898,783400,62.13999938964844,62.02999877929688,57.29368591308594
30-06-2016,61.52999877929688,61.77999877929688,1013200,63.25,63.22999954223633,58.40205764770508
01-07-2016,62.959999084472656,63.22999954223633,661000,63.9900016784668,63.52999877929688,58.67915344238281
05-07-2016,63.38999938964844,63.70000076293945,964300,63.84999847412109,63.59999847412109,58.74380111694336
06-07-2016,63.41999816894531,63.41999816894531,1052100,64.18000030517578,63.90999984741211,59.03013229370117
07-07-2016,63.27999877929688,63.59000015258789,704900,63.93000030517578,63.34999847412109,58.51289749145508
08-07-2016,63.540000915527344,63.790000915527344,1356200,64.56999969482422,64.51000213623047,59.58432388305664
11-07-2016,64.26000213623047,64.9800033569336,484300,64.9800033569336,64.27999877929688,59.37188720703125
12-07-2016,63.84999847412109,64.27999877929688,675200,64.56999969482422,64.0199966430664,59.13173294067383
13-07-2016,64.12000274658203,64.12000274658203,730900,64.95999908447266,64.43000030517578,59.51042556762695
14-07-2016,64.70999908447266,65.0,654900,65.13999938964844,65.0999984741211,60.1292724609375
15-07-2016,64.31999969482422,65.02999877929688,1207400,65.29000091552734,64.80000305175781,59.85218048095703
18-07-2016,65.12000274658203,65.12000274658203,912600,65.9000015258789,65.87999725341797,60.849708557128906
19-07-2016,65.44000244140625,65.7699966430664,1061000,66.19000244140625,65.51000213623047,60.50796890258789
20-07-2016,65.93000030517578,65.9800033569336,508400,66.47000122070312,66.12999725341797,61.08061599731445
21-07-2016,65.62999725341797,65.91000366210938,414000,66.37000274658203,65.88999938964844,60.85894393920898
22-07-2016,65.55999755859375,65.86000061035156,983800,66.11000061035156,65.93000030517578,60.89590072631836
25-07-2016,65.20999908447266,65.7699966430664,741900,65.93000030517578,65.51000213623047,60.50796890258789
26-07-2016,65.05000305175781,65.29000091552734,608700,65.9800033569336,65.94999694824219,60.91436767578125
27-07-2016,64.7300033569336,65.66000366210938,1029900,65.66000366210938,65.12999725341797,60.156986236572266
28-07-2016,64.95999908447266,65.19000244140625,1084200,65.81999969482422,65.69999694824219,60.68346405029297
29-07-2016,68.29000091552734,68.5,1853000,69.37999725341797,68.87999725341797,63.62065124511719
01-08-2016,68.88999938964844,69.0199966430664,1226800,70.16000366210938,69.8499984741211,64.51657104492188
02-08-2016,69.26000213623047,69.9000015258789,571600,70.12999725341797,69.37999725341797,64.08245849609375
03-08-2016,68.63999938964844,69.38999938964844,871600,69.56999969482422,68.80000305175781,63.54673385620117
04-08-2016,68.27999877929688,68.5999984741211,597200,69.44999694824219,69.0999984741211,63.823856353759766
05-08-2016,69.41000366210938,69.44999694824219,935800,69.97000122070312,69.8499984741211,64.51657104492188
08-08-2016,69.62999725341797,69.79000091552734,886900,70.5999984741211,70.56999969482422,65.18161010742188
09-08-2016,70.16000366210938,70.45999908447266,870200,70.80000305175781,70.66999816894531,65.27397155761719
10-08-2016,70.04000091552734,70.55999755859375,768800,70.79000091552734,70.16999816894531,64.81214904785156
11-08-2016,70.22000122070312,70.4800033569336,619400,70.80000305175781,70.51000213623047,65.12621307373047
12-08-2016,70.16000366210938,70.5,662400,70.70999908447266,70.41999816894531,65.04306030273438
15-08-2016,70.26000213623047,70.41000366210938,829600,70.9000015258789,70.5999984741211,65.20929718017578
16-08-2016,69.08999633789062,69.88999938964844,1082700,69.88999938964844,69.08999633789062,64.11430358886719
17-08-2016,68.44000244140625,69.08999633789062,1198900,69.66000366210938,68.4800033569336,63.54823684692383
18-08-2016,68.56999969482422,68.58999633789062,661700,69.58999633789062,69.56999969482422,64.55973052978516
19-08-2016,69.31999969482422,69.31999969482422,684800,70.0999984741211,70.06999969482422,65.02372741699219
22-08-2016,69.44999694824219,69.6500015258789,634100,69.88999938964844,69.77999877929688,64.75460052490234
23-08-2016,67.27999877929688,67.93000030517578,2999800,68.91999816894531,67.31999969482422,62.47176742553711
24-08-2016,67.31999969482422,67.31999969482422,1471900,68.55000305175781,68.0,63.102787017822266
25-08-2016,68.0199966430664,68.16000366210938,885200,68.87000274658203,68.44000244140625,63.51111602783203
26-08-2016,68.51000213623047,68.73999786376953,1059500,69.27999877929688,69.02999877929688,64.0586166381836
29-08-2016,65.6500015258789,65.6500015258789,1734000,68.19000244140625,67.9000015258789,63.00999450683594
30-08-2016,67.0199966430664,67.73999786376953,1392100,68.11000061035156,67.22000122070312,62.37896347045898
31-08-2016,66.68000030517578,67.25,783500,67.62000274658203,66.69000244140625,61.88714218139648
01-09-2016,66.80999755859375,67.05999755859375,1224200,67.5,67.12000274658203,62.28617858886719
02-09-2016,66.86000061035156,66.88999938964844,740300,67.47000122070312,67.05999755859375,62.2304801940918
06-09-2016,66.97000122070312,67.23999786376953,745000,67.48999786376953,67.47000122070312,62.610965728759766
07-09-2016,67.3499984741211,67.43000030517578,737200,68.4000015258789,67.5999984741211,62.73159790039063
08-09-2016,67.05000305175781,67.52999877929688,633400,67.68000030517578,67.05999755859375,62.2304801940918
09-09-2016,65.44999694824219,66.45999908447266,981800,66.83000183105469,65.44999694824219,60.73643493652344
12-09-2016,65.12000274658203,65.13999938964844,879100,65.91999816894531,65.63999938964844,60.91274642944336
13-09-2016,64.4800033569336,65.2300033569336,927000,65.52999877929688,64.72000122070312,60.05902099609375
14-09-2016,64.43000030517578,64.93000030517578,639300,65.12000274658203,64.87000274658203,60.19820785522461
15-09-2016,64.72000122070312,64.83999633789062,1070500,65.48999786376953,64.95999908447266,60.28173065185547
16-09-2016,64.20999908447266,65.0199966430664,2466000,65.08999633789062,64.45999908447266,59.81774520874024
19-09-2016,63.16999816894531,64.95999908447266,1673900,65.1500015258789,63.72999954223633,59.14031982421875
20-09-2016,63.34999847412109,64.22000122070312,708000,64.2300033569336,63.45000076293945,58.88047790527344
21-09-2016,63.11000061035156,63.650001525878906,693000,63.959999084472656,63.79999923706055,59.20526123046875
22-09-2016,63.709999084472656,64.05999755859375,948700,64.6500015258789,63.97999954223633,59.372314453125
23-09-2016,63.2400016784668,63.959999084472656,984100,64.19000244140625,63.25,58.69487380981445
26-09-2016,63.310001373291016,63.34999847412109,802900,63.900001525878906,63.59000015258789,59.01039123535156
27-09-2016,63.380001068115234,63.84000015258789,803500,64.70999908447266,64.5,59.85485076904297
28-09-2016,64.19999694824219,64.44999694824219,463500,64.77999877929688,64.73999786376953,60.07756805419922
29-09-2016,63.68999862670898,64.41999816894531,1325000,65.87999725341797,64.20999908447266,59.58574295043945
30-09-2016,64.69999694824219,64.83999633789062,922800,65.37999725341797,64.79000091552734,60.123985290527344
03-10-2016,63.61000061035156,64.36000061035156,873400,64.41000366210938,64.33000183105469,59.69710922241211
04-10-2016,63.79999923706055,64.38999938964844,718800,65.41999816894531,64.12000274658203,59.502227783203125
05-10-2016,63.68999862670898,64.12000274658203,828600,64.5,63.90999984741211,59.30734252929688
06-10-2016,63.65999984741211,63.869998931884766,534900,64.70999908447266,64.5,59.85485076904297
07-10-2016,63.459999084472656,64.73999786376953,1240100,64.88999938964844,63.93000030517578,59.325904846191406
10-10-2016,64.38999938964844,64.38999938964844,790500,65.58000183105469,65.16000366210938,60.467323303222656
11-10-2016,63.63999938964844,65.06999969482422,866300,65.06999969482422,64.08000183105469,59.46510696411133
12-10-2016,63.959999084472656,64.16999816894531,378400,64.37000274658203,64.05999755859375,59.44654083251953
13-10-2016,63.150001525878906,63.470001220703125,522500,63.880001068115234,63.84999847412109,59.25167083740234
14-10-2016,64.44000244140625,64.70999908447266,971400,65.44999694824219,64.6500015258789,59.99404525756836
17-10-2016,64.0,64.43000030517578,731000,64.48999786376953,64.18000030517578,59.557899475097656
18-10-2016,64.43000030517578,64.87000274658203,551300,65.06999969482422,64.98999786376953,60.3095703125
19-10-2016,64.30999755859375,64.69000244140625,675000,64.95999908447266,64.5199966430664,59.873416900634766
20-10-2016,63.36000061035156,64.0199966430664,872000,64.4800033569336,63.58000183105469,59.00111389160156
21-10-2016,63.09000015258789,63.290000915527344,548300,63.84000015258789,63.720001220703125,59.13104248046875
24-10-2016,63.61000061035156,64.58000183105469,561200,64.58000183105469,63.7599983215332,59.16815185546875
25-10-2016,63.709999084472656,63.810001373291016,1010000,64.58000183105469,64.12999725341797,59.511497497558594
26-10-2016,58.959999084472656,62.43999862670898,4115400,62.43999862670898,60.54999923706055,56.18932723999024
27-10-2016,59.52000045776367,60.709999084472656,1790800,60.709999084472656,59.83000183105469,55.521183013916016
28-10-2016,59.630001068115234,60.43999862670898,716700,60.7400016784668,60.34999847412109,56.00373077392578
31-10-2016,59.33000183105469,59.70000076293945,1606800,60.09000015258789,59.77000045776367,55.46551132202149
01-11-2016,58.13999938964844,59.869998931884766,1045700,59.869998931884766,58.18000030517578,53.99001693725586
02-11-2016,57.43999862670898,57.86000061035156,1231000,58.36000061035156,57.54999923706055,53.405372619628906
03-11-2016,57.209999084472656,57.72999954223633,617200,58.060001373291016,57.34000015258789,53.21050643920898
04-11-2016,56.91999816894531,57.290000915527344,771600,57.880001068115234,57.41999816894531,53.28474807739258
07-11-2016,57.7400016784668,58.33000183105469,936300,58.41999816894531,57.959999084472656,53.78585433959961
08-11-2016,57.5,57.58000183105469,724400,58.18000030517578,57.59000015258789,53.74851989746094
09-11-2016,56.59000015258789,56.83000183105469,981200,58.369998931884766,58.36000061035156,54.46715545654297
10-11-2016,58.63999938964844,59.04999923706055,1078600,59.63999938964844,59.31999969482422,55.36312484741211
11-11-2016,58.619998931884766,58.97999954223633,1047000,59.9900016784668,59.84999847412109,55.85776901245117
14-11-2016,58.34999847412109,59.63999938964844,1059900,59.7599983215332,58.560001373291016,54.65381622314453
15-11-2016,58.150001525878906,58.52999877929688,730800,58.77000045776367,58.52000045776367,54.616485595703125
16-11-2016,57.65999984741211,58.220001220703125,654100,58.5099983215332,57.7599983215332,53.90717697143555
17-11-2016,57.630001068115234,57.869998931884766,520800,59.34000015258789,58.790000915527344,54.86847305297852
18-11-2016,58.38999938964844,58.90999984741211,514000,59.0099983215332,58.52999877929688,54.625823974609375
21-11-2016,58.040000915527344,58.150001525878906,567300,58.77999877929688,58.52000045776367,54.616485595703125
22-11-2016,57.45000076293945,58.86000061035156,784600,58.93000030517578,58.06999969482422,54.19650650024414
23-11-2016,57.7599983215332,57.97999954223633,486700,58.5,58.22999954223633,54.3458251953125
25-11-2016,58.52999877929688,58.7400016784668,226200,59.20000076293945,59.02999877929688,55.09246444702149
28-11-2016,58.95000076293945,58.95000076293945,1557100,60.68999862670898,60.61000061035156,56.56706619262695
29-11-2016,60.77000045776367,60.84000015258789,2484900,62.36000061035156,62.11000061035156,57.96702194213867
30-11-2016,61.369998931884766,61.84000015258789,1639100,61.970001220703125,61.47999954223633,57.379051208496094
01-12-2016,59.34999847412109,61.290000915527344,938400,61.470001220703125,59.560001373291016,55.58711624145508
02-12-2016,59.27000045776367,59.45000076293945,729200,60.02999877929688,59.52000045776367,55.54978942871094
05-12-2016,59.540000915527344,59.7400016784668,795600,60.06999969482422,59.93000030517578,55.93243408203125
06-12-2016,58.72999954223633,59.93000030517578,778800,59.93000030517578,59.77999877929688,55.79243850708008
07-12-2016,58.709999084472656,59.84000015258789,702400,60.59000015258789,60.34000015258789,56.31507873535156
08-12-2016,60.2599983215332,60.2599983215332,654000,61.38999938964844,61.369998931884766,57.27637481689453
09-12-2016,61.119998931884766,61.5,591600,62.290000915527344,62.22999954223633,58.07901382446289
12-12-2016,61.7599983215332,62.0,683300,62.90999984741211,62.77000045776367,58.58299255371094
13-12-2016,62.400001525878906,62.65999984741211,1194900,63.40999984741211,62.63999938964844,58.46166229248047
14-12-2016,61.970001220703125,62.52999877929688,669100,62.88999938964844,62.209999084472656,58.06034469604492
15-12-2016,61.54999923706055,61.630001068115234,702300,62.540000915527344,62.310001373291016,58.1536865234375
16-12-2016,60.130001068115234,61.970001220703125,2096700,63.06999969482422,62.52999877929688,58.3590087890625
19-12-2016,62.09000015258789,62.09000015258789,679300,62.72999954223633,62.29999923706055,58.14434814453125
20-12-2016,61.27000045776367,62.29999923706055,1028000,62.29999923706055,62.02999877929688,57.89235305786133
21-12-2016,61.470001220703125,61.79999923706055,609900,62.150001525878906,61.619998931884766,57.50969696044922
22-12-2016,61.310001373291016,61.560001373291016,590700,61.900001525878906,61.619998931884766,57.50969696044922
23-12-2016,61.400001525878906,61.400001525878906,417900,62.18000030517578,62.02999877929688,57.89235305786133
27-12-2016,61.790000915527344,61.97999954223633,343700,62.61000061035156,61.86000061035156,57.73369216918945
28-12-2016,61.540000915527344,62.18999862670898,514600,62.40999984741211,61.68000030517578,57.565704345703125
29-12-2016,61.75,61.81999969482422,631400,62.45000076293945,62.43999862670898,58.27500534057617
30-12-2016,61.81999969482422,62.5,532600,62.58000183105469,62.04999923706055,57.911014556884766
03-01-2017,61.220001220703125,62.09999847412109,573900,62.09999847412109,61.95000076293945,57.81769561767578
04-01-2017,61.720001220703125,62.2400016784668,758800,62.400001525878906,62.34999847412109,58.19100570678711
05-01-2017,61.630001068115234,62.52000045776367,627000,62.619998931884766,61.869998931884766,57.74303436279297
06-01-2017,61.75,61.95000076293945,481900,62.369998931884766,62.13999938964844,57.99501419067383
09-01-2017,62.040000915527344,62.08000183105469,482800,63.380001068115234,63.2599983215332,59.040306091308594
10-01-2017,62.88999938964844,62.88999938964844,630200,64.26000213623047,64.25,59.96426773071289
11-01-2017,63.220001220703125,63.33000183105469,783100,64.29000091552734,64.11000061035156,59.83361053466797
12-01-2017,63.2599983215332,63.68999862670898,529100,64.31999969482422,64.26000213623047,59.97360610961914
13-01-2017,64.5199966430664,64.68000030517578,696500,65.77999877929688,65.33000183105469,60.97224044799805
17-01-2017,63.63999938964844,64.63999938964844,1232000,64.69999694824219,64.18000030517578,59.89894485473633
18-01-2017,62.75,63.38999938964844,1022300,63.58000183105469,63.290000915527344,59.06830596923828
19-01-2017,62.709999084472656,63.29999923706055,601200,63.52999877929688,62.900001525878906,58.70433044433594
20-01-2017,63.060001373291016,63.27000045776367,614600,63.90999984741211,63.650001525878906,59.40428924560547
23-01-2017,62.63999938964844,62.63999938964844,1423000,63.63999938964844,63.59999847412109,59.35762405395508
24-01-2017,67.31999969482422,69.08000183105469,4248900,70.76000213623047,69.72000122070312,65.06939697265625
25-01-2017,69.19000244140625,69.5,1676600,70.58999633789062,69.8499984741211,65.19071960449219
26-01-2017,68.12000274658203,69.8499984741211,1257400,69.98999786376953,68.38999938964844,63.8281135559082
27-01-2017,67.91000366210938,68.63999938964844,682400,69.06999969482422,68.13999938964844,63.59479522705078
30-01-2017,67.29000091552734,67.7699966430664,1080800,68.0999984741211,67.69999694824219,63.18415451049805
31-01-2017,67.12000274658203,67.83999633789062,1164800,68.01000213623047,67.54000091552734,63.0348014831543
01-02-2017,66.18000030517578,67.44000244140625,1020000,67.5999984741211,66.94999694824219,62.484161376953125
02-02-2017,66.41000366210938,66.91999816894531,1122900,67.23999786376953,67.0,62.53083419799805
03-02-2017,67.0,67.16000366210938,625800,68.26000213623047,68.20999908447266,63.66013717651367
06-02-2017,67.30000305175781,67.5999984741211,1008200,68.70999908447266,68.69000244140625,64.10810852050781
07-02-2017,68.41999816894531,68.41999816894531,1039900,69.02999877929688,68.93000030517578,64.64264678955078
08-02-2017,68.23999786376953,68.47000122070312,1006100,69.62999725341797,69.36000061035156,65.04590606689453
09-02-2017,69.16999816894531,69.36000061035156,579800,69.83999633789062,69.80000305175781,65.45854949951172
10-02-2017,69.44999694824219,69.79000091552734,631300,70.23999786376953,70.2300033569336,65.8617935180664
13-02-2017,69.9800033569336,70.05999755859375,1070800,71.01000213623047,70.86000061035156,66.45262908935547
14-02-2017,70.37999725341797,70.37999725341797,801500,71.2300033569336,71.06999969482422,66.64956665039062
15-02-2017,70.95999908447266,71.0199966430664,579700,71.69999694824219,71.69999694824219,67.2403793334961
16-02-2017,71.45999908447266,72.06999969482422,584600,72.30000305175781,71.91999816894531,67.44668579101562
17-02-2017,71.54000091552734,71.54000091552734,395700,72.3499984741211,72.2699966430664,67.7749252319336
21-02-2017,71.62999725341797,72.11000061035156,999700,72.37999725341797,72.20999908447266,67.7186279296875
22-02-2017,71.91999816894531,72.22000122070312,938600,72.69999694824219,72.37999725341797,67.8780517578125
23-02-2017,71.20999908447266,72.12000274658203,665400,72.27999877929688,71.62000274658203,67.16533660888672
24-02-2017,70.70999908447266,70.70999908447266,487300,72.02999877929688,71.95999908447266,67.48421478271484
27-02-2017,71.45999908447266,72.19000244140625,602900,72.41000366210938,72.0199966430664,67.54045867919922
28-02-2017,71.87000274658203,71.97000122070312,602700,72.33999633789062,72.02999877929688,67.54983520507812
01-03-2017,72.0,72.08000183105469,497900,73.05999755859375,72.94999694824219,68.4126205444336
02-03-2017,72.37000274658203,72.37000274658203,578900,73.45999908447266,72.4800033569336,67.97183990478516
03-03-2017,71.83999633789062,72.22000122070312,347800,72.45999908447266,72.37999725341797,67.8780517578125
06-03-2017,71.31999969482422,71.66999816894531,522300,72.0199966430664,71.81999969482422,67.35289001464844
07-03-2017,71.37999725341797,71.79000091552734,614400,71.87999725341797,71.5199966430664,67.0715560913086
08-03-2017,70.69999694824219,71.30000305175781,729700,71.5999984741211,70.7300033569336,66.3306884765625
09-03-2017,70.38999938964844,70.87999725341797,448600,71.23999786376953,70.77999877929688,66.37759399414062
10-03-2017,71.05999755859375,71.4800033569336,614300,71.4800033569336,71.44000244140625,66.99652099609375
13-03-2017,71.01000213623047,71.2300033569336,495800,71.76000213623047,71.68000030517578,67.22159576416016
14-03-2017,70.86000061035156,71.43000030517578,439600,71.5999984741211,71.0,66.58390045166016
15-03-2017,70.88999938964844,71.20999908447266,700400,71.62999725341797,71.48999786376953,67.04342651367188
16-03-2017,70.9000015258789,70.9000015258789,355700,71.55999755859375,71.27999877929688,66.84648895263672
17-03-2017,71.04000091552734,71.04000091552734,916700,71.95999908447266,71.63999938964844,67.18408966064453
20-03-2017,71.25,71.79000091552734,432400,71.9000015258789,71.30999755859375,66.87461853027344
21-03-2017,70.56999969482422,71.87999725341797,593300,72.37999725341797,70.72000122070312,66.32134246826172
22-03-2017,70.11000061035156,70.61000061035156,469400,71.44999694824219,71.29000091552734,66.85587310791016
23-03-2017,71.04000091552734,71.18000030517578,611100,72.08999633789062,71.30999755859375,66.87461853027344
24-03-2017,71.0999984741211,71.30999755859375,616200,72.0199966430664,71.56999969482422,67.11845397949219
27-03-2017,70.9000015258789,71.45999908447266,407800,71.75,71.68000030517578,67.22159576416016
28-03-2017,71.12000274658203,71.55000305175781,814900,72.16000366210938,71.95999908447266,67.48421478271484
29-03-2017,71.97000122070312,71.97000122070312,701900,72.80000305175781,72.4800033569336,67.97183990478516
30-03-2017,71.48999786376953,72.11000061035156,471500,72.26000213623047,71.5199966430664,67.0715560913086
31-03-2017,71.25,71.31999969482422,541000,72.18000030517578,71.97000122070312,67.49356842041016
03-04-2017,70.75,71.6500015258789,649600,71.87999725341797,71.37999725341797,66.94026947021484
04-04-2017,70.4000015258789,71.37999725341797,687400,71.62999725341797,70.55000305175781,66.16190338134766
05-04-2017,69.11000061035156,70.44999694824219,1404800,70.75,69.26000213623047,64.95211791992188
06-04-2017,68.79000091552734,69.25,1002800,69.55999755859375,69.05000305175781,64.75519561767578
07-04-2017,68.8499984741211,68.8499984741211,604100,69.29000091552734,69.02999877929688,64.73643493652344
10-04-2017,68.79000091552734,69.08000183105469,456100,69.41000366210938,68.9800033569336,64.68953704833984
11-04-2017,68.69999694824219,68.97000122070312,672300,69.47000122070312,69.43000030517578,65.1115493774414
12-04-2017,67.86000061035156,67.86000061035156,515800,69.2300033569336,68.41000366210938,64.1550064086914
13-04-2017,67.91999816894531,68.19000244140625,445800,68.54000091552734,68.12000274658203,63.88305282592773
17-04-2017,68.37000274658203,68.37000274658203,448800,69.36000061035156,69.25,64.94276428222656
18-04-2017,68.61000061035156,68.86000061035156,420700,69.1500015258789,68.6500015258789,64.38005828857422
19-04-2017,68.58000183105469,69.01000213623047,473600,69.16999816894531,69.0999984741211,64.80206298828125
20-04-2017,68.20999908447266,68.69000244140625,620200,69.77999877929688,69.62000274658203,65.28973388671875
21-04-2017,68.3499984741211,69.62000274658203,1183000,69.93000030517578,69.83999633789062,65.49603271484375
24-04-2017,69.88999938964844,70.26000213623047,882200,70.86000061035156,70.73999786376953,66.34008026123047
25-04-2017,70.77999877929688,71.01000213623047,899500,71.23999786376953,70.94000244140625,66.52764129638672
26-04-2017,70.66999816894531,70.98999786376953,1153700,71.94000244140625,71.75,67.28726196289062
27-04-2017,71.25,71.44999694824219,1387400,73.06999969482422,72.8499984741211,68.31886291503906
28-04-2017,67.04000091552734,67.19999694824219,3020200,70.33000183105469,67.98999786376953,63.7611198425293
01-05-2017,67.70999908447266,68.58000183105469,1074000,68.95999908447266,68.91999816894531,64.63328552246094
02-05-2017,68.95999908447266,69.01000213623047,1118700,70.5199966430664,69.79000091552734,65.44917297363281
03-05-2017,68.83999633789062,69.63999938964844,831200,69.83999633789062,68.94999694824219,64.6613998413086
04-05-2017,68.44000244140625,68.88999938964844,460100,69.1500015258789,69.0,64.70830535888672
05-05-2017,68.94999694824219,69.22000122070312,515600,69.77999877929688,69.38999938964844,65.07406616210938
08-05-2017,68.3499984741211,69.1500015258789,623600,69.25,68.55000305175781,64.28630065917969
09-05-2017,67.16000366210938,68.1500015258789,727600,68.2300033569336,67.45999908447266,63.57010269165039
10-05-2017,67.33000183105469,67.51000213623047,561700,68.23999786376953,68.19999694824219,64.2674331665039
11-05-2017,67.6500015258789,68.01000213623047,522100,68.1500015258789,67.93000030517578,64.01302337646484
12-05-2017,67.94999694824219,68.04000091552734,493400,68.44999694824219,68.36000061035156,64.418212890625
15-05-2017,68.41000366210938,68.41000366210938,526900,68.95999908447266,68.88999938964844,64.91764831542969
16-05-2017,68.29000091552734,69.08999633789062,310700,69.31999969482422,68.4800033569336,64.53129577636719
17-05-2017,67.47000122070312,68.4800033569336,472700,68.4800033569336,67.66000366210938,63.75859832763672
18-05-2017,67.1500015258789,67.80999755859375,450100,67.91000366210938,67.5,63.60780715942383
19-05-2017,67.61000061035156,68.0,324400,68.5199966430664,68.4000015258789,64.45590209960938
22-05-2017,68.41000366210938,68.55999755859375,482900,69.58999633789062,69.51000213623047,65.50190734863281
23-05-2017,69.27999877929688,69.6500015258789,604600,69.95999908447266,69.5999984741211,65.58671569824219
24-05-2017,69.61000061035156,69.80999755859375,518000,70.1500015258789,69.93000030517578,65.89768981933594
25-05-2017,69.97000122070312,70.1500015258789,366600,70.38999938964844,70.05000305175781,66.0107650756836
26-05-2017,69.68000030517578,69.95999908447266,238200,70.19000244140625,70.06999969482422,66.02960968017578
30-05-2017,69.58999633789062,69.91000366210938,2318400,70.12000274658203,70.0,65.96363830566406
31-05-2017,70.0,70.30999755859375,852200,71.30000305175781,71.0999984741211,67.00020599365234
01-06-2017,70.77999877929688,71.0199966430664,505100,71.9000015258789,71.9000015258789,67.75410461425781
02-06-2017,71.7300033569336,72.0999984741211,607300,72.63999938964844,71.95999908447266,67.81065368652344
05-06-2017,72.41000366210938,72.75,773800,72.87999725341797,72.75,68.55508422851562
06-06-2017,72.47000122070312,72.47000122070312,401500,73.01000213623047,72.55000305175781,68.36660766601562
07-06-2017,72.5,72.75,393700,73.36000061035156,73.31999969482422,69.09220886230469
08-06-2017,73.01000213623047,73.30999755859375,443700,73.58999633789062,73.2699966430664,69.04508972167969
09-06-2017,72.79000091552734,73.19000244140625,646700,73.83000183105469,73.4800033569336,69.24299621582031
12-06-2017,72.8499984741211,73.4800033569336,465200,73.66999816894531,73.04000091552734,68.82833862304688
13-06-2017,73.51000213623047,73.51000213623047,747300,75.54000091552734,75.16000366210938,70.82613372802734
14-06-2017,74.91999816894531,75.20999908447266,559500,76.0,75.3499984741211,71.0051498413086
15-06-2017,75.0,75.37000274658203,739100,76.19000244140625,76.16999816894531,71.77787780761719
16-06-2017,75.80999755859375,76.13999938964844,1319300,77.44999694824219,77.0999984741211,72.65423583984375
19-06-2017,77.08999633789062,77.08999633789062,999200,79.22000122070312,78.91000366210938,74.35989379882812
20-06-2017,78.0999984741211,78.69000244140625,769000,78.91999816894531,78.47000122070312,73.94525909423828
21-06-2017,78.0999984741211,79.0,1086300,79.44000244140625,78.38999938964844,73.86985778808594
22-06-2017,77.55999755859375,78.37999725341797,526000,78.44999694824219,77.62999725341797,73.15369415283203
23-06-2017,77.52999877929688,77.79000091552734,707200,78.56999969482422,78.44000244140625,73.9169921875
26-06-2017,77.6500015258789,78.44999694824219,955900,78.52999877929688,77.69000244140625,73.21023559570312
27-06-2017,76.97000122070312,77.9000015258789,345900,77.94999694824219,77.0199966430664,72.57886505126953
28-06-2017,76.5199966430664,77.58999633789062,524000,77.62999725341797,77.16999816894531,72.72022247314453
29-06-2017,76.41000366210938,77.52999877929688,424600,77.77999877929688,77.08999633789062,72.64481353759766
30-06-2017,77.23999786376953,77.44999694824219,528300,78.13999938964844,77.87000274658203,73.37985229492188
03-07-2017,77.05999755859375,77.4000015258789,358000,77.81999969482422,77.79000091552734,73.3044662475586
05-07-2017,75.7699966430664,77.0999984741211,865600,77.3499984741211,77.08000183105469,72.63539123535156
06-07-2017,75.94999694824219,76.8499984741211,1013900,76.86000061035156,76.04000091552734,71.65538024902344
07-07-2017,75.4800033569336,75.94999694824219,422300,77.11000061035156,76.81999969482422,72.3904037475586
10-07-2017,76.58000183105469,76.62999725341797,646200,77.18000030517578,76.81999969482422,72.3904037475586
11-07-2017,75.83000183105469,76.69999694824219,741900,76.80999755859375,76.43000030517578,72.02288055419922
12-07-2017,76.44000244140625,76.94999694824219,611800,77.41999816894531,77.0999984741211,72.65423583984375
13-07-2017,76.16000366210938,77.5,379900,77.5,77.12000274658203,72.67311096191406
14-07-2017,77.30000305175781,77.43000030517578,834800,77.98999786376953,77.58999633789062,73.1159896850586
17-07-2017,77.01000213623047,77.51000213623047,417800,77.81999969482422,77.62000274658203,73.14425659179688
18-07-2017,77.05999755859375,77.2300033569336,345000,77.69999694824219,77.5199966430664,73.05001068115234
19-07-2017,77.2300033569336,77.5,494700,78.23999786376953,78.05999755859375,73.55889129638672
20-07-2017,77.75,78.83000183105469,1944200,79.0,78.02999877929688,73.53060913085938
21-07-2017,76.68000030517578,78.04000091552734,1267900,78.23999786376953,77.0,72.56002044677734
24-07-2017,76.55999755859375,77.08999633789062,1065400,77.33000183105469,77.19000244140625,72.73905181884766
25-07-2017,77.3499984741211,77.69000244140625,30299300,79.62999725341797,77.68000030517578,73.20082092285156
26-07-2017,77.38999938964844,77.6500015258789,1680300,78.87999725341797,77.66000366210938,73.18197631835938
27-07-2017,77.31999969482422,77.77999877929688,872400,78.19000244140625,77.45999908447266,72.99348449707031
28-07-2017,76.58000183105469,77.37999725341797,736100,77.69000244140625,77.38999938964844,72.92752075195312
31-07-2017,76.83000183105469,77.6500015258789,1269000,77.72000122070312,77.12000274658203,72.67311096191406
01-08-2017,77.05999755859375,77.48999786376953,1017600,78.37000274658203,77.4800033569336,73.01233673095703
02-08-2017,71.29000091552734,77.4800033569336,4356000,77.4800033569336,72.51000213623047,68.32891082763672
03-08-2017,72.0999984741211,72.0999984741211,1243800,73.69000244140625,73.44999694824219,69.2146987915039
04-08-2017,74.0999984741211,74.19999694824219,1181400,75.44000244140625,75.08999633789062,70.7601547241211
07-08-2017,74.5999984741211,75.16000366210938,572400,75.47000122070312,75.05000305175781,70.72245788574219
08-08-2017,74.11000061035156,74.94000244140625,907200,75.2699966430664,74.4000015258789,70.10993957519531
09-08-2017,73.51000213623047,74.12999725341797,845400,74.20999908447266,74.12000274658203,69.84608459472656
10-08-2017,72.55999755859375,73.83000183105469,693400,73.98999786376953,72.62000274658203,68.43258666992188
11-08-2017,72.5199966430664,72.62000274658203,427200,73.2699966430664,72.55999755859375,68.37603759765625
14-08-2017,72.95999908447266,73.0199966430664,447000,73.6500015258789,73.62000274658203,69.37490844726562
15-08-2017,72.44000244140625,73.30000305175781,506600,73.30000305175781,72.44000244140625,68.58904266357422
16-08-2017,72.5,72.68000030517578,468000,72.95999908447266,72.69999694824219,68.835205078125
17-08-2017,72.77999877929688,72.94000244140625,460700,73.48999786376953,72.79000091552734,68.92041778564453
18-08-2017,72.48999786376953,72.81999969482422,529500,73.26000213623047,73.06999969482422,69.18553161621094
21-08-2017,72.73999786376953,73.05999755859375,310800,73.52999877929688,73.44000244140625,69.53589630126953
22-08-2017,73.48999786376953,73.5199966430664,500300,74.8499984741211,74.55000305175781,70.58686828613281
23-08-2017,73.75,74.44000244140625,510900,74.66000366210938,73.91000366210938,69.98088836669922
24-08-2017,73.56999969482422,73.81999969482422,439500,74.16000366210938,73.9000015258789,69.9714126586914
25-08-2017,73.8499984741211,74.30000305175781,459800,74.41000366210938,74.19999694824219,70.25546264648438
28-08-2017,74.2300033569336,74.2300033569336,620600,75.54000091552734,75.54000091552734,71.52423095703125
29-08-2017,74.87000274658203,75.04000091552734,491800,75.68000030517578,74.94999694824219,70.96561431884766
30-08-2017,74.94999694824219,74.94999694824219,439900,75.76000213623047,75.58000183105469,71.56211853027344
31-08-2017,75.75,76.0,743000,77.68000030517578,77.58000183105469,73.45579528808594
01-09-2017,77.05999755859375,77.55999755859375,424600,77.94999694824219,77.58999633789062,73.46524810791016
05-09-2017,76.26000213623047,77.30000305175781,850100,77.5,76.5999984741211,72.52788543701172
06-09-2017,76.56999969482422,76.7699966430664,397900,77.77999877929688,77.66000366210938,73.53154754638672
07-09-2017,77.06999969482422,77.76000213623047,572700,78.86000061035156,78.81999969482422,74.6298599243164
08-09-2017,78.87000274658203,79.01000213623047,557400,80.37999725341797,79.83999633789062,75.59565734863281
11-09-2017,80.01000213623047,80.58999633789062,720800,81.87000274658203,81.37999725341797,77.05377197265625
12-09-2017,80.55999755859375,81.26000213623047,606000,81.29000091552734,80.87999725341797,76.58036041259766
13-09-2017,79.22000122070312,80.79000091552734,672100,80.8499984741211,79.61000061035156,75.37788391113281
14-09-2017,79.12000274658203,79.4000015258789,783600,80.61000061035156,80.55000305175781,76.26792907714844
15-09-2017,79.19999694824219,80.44999694824219,1256600,80.5,79.2300033569336,75.01808166503906
18-09-2017,79.30000305175781,79.63999938964844,439000,79.97000122070312,79.52999877929688,75.30213928222656
19-09-2017,78.87000274658203,79.52999877929688,440400,79.63999938964844,79.44999694824219,75.22637176513672
20-09-2017,78.95999908447266,79.58999633789062,364900,80.05000305175781,79.5999984741211,75.368408203125
21-09-2017,77.22000122070312,78.5,768900,78.75,77.31999969482422,73.20960998535156
22-09-2017,77.12000274658203,77.16999816894531,601700,77.5999984741211,77.37999725341797,73.26640319824219
25-09-2017,76.62000274658203,77.3499984741211,504100,77.5999984741211,77.19999694824219,73.09599304199219
26-09-2017,76.27999877929688,76.76000213623047,445900,76.98999786376953,76.30000305175781,72.24385070800781
27-09-2017,75.27999877929688,76.62000274658203,669700,76.80000305175781,76.16000366210938,72.11128234863281
28-09-2017,75.83000183105469,76.52999877929688,445600,76.76000213623047,76.11000061035156,72.06393432617188
29-09-2017,75.83000183105469,76.01000213623047,423600,77.0,76.95999908447266,72.86876678466797
02-10-2017,76.55999755859375,76.94000244140625,349800,77.44000244140625,77.41000366210938,73.29483032226562
03-10-2017,76.18000030517578,77.31999969482422,528800,77.80000305175781,76.52999877929688,72.46161651611328
04-10-2017,76.31999969482422,76.44999694824219,508000,77.37999725341797,77.2699966430664,73.16226959228516
05-10-2017,76.91000366210938,77.26000213623047,439500,77.6500015258789,77.30000305175781,73.19068145751953
06-10-2017,76.76000213623047,76.93000030517578,352500,77.36000061035156,77.25,73.1433334350586
09-10-2017,75.94999694824219,77.11000061035156,388400,77.2300033569336,76.13999938964844,72.09233856201172
10-10-2017,75.62000274658203,76.11000061035156,443300,76.2699966430664,76.20999908447266,72.15863800048828
11-10-2017,76.0199966430664,76.41000366210938,419600,76.81999969482422,76.55000305175781,72.48055267333984
12-10-2017,76.80000305175781,76.9000015258789,546600,77.63999938964844,77.58999633789062,73.46524810791016
13-10-2017,77.2699966430664,77.80999755859375,465800,78.05999755859375,77.62999725341797,73.50314331054688
16-10-2017,77.33000183105469,77.62000274658203,449600,78.0199966430664,77.7300033569336,73.59783172607422
17-10-2017,77.51000213623047,77.75,280700,78.51000213623047,78.41999816894531,74.25113677978516
18-10-2017,78.45999908447266,78.87999725341797,422700,79.12999725341797,78.87000274658203,74.67721557617188
19-10-2017,77.75,78.55000305175781,337600,78.87000274658203,78.79000091552734,74.60147094726562
20-10-2017,78.61000061035156,79.18000030517578,462600,79.44000244140625,79.0,74.80030822753906
23-10-2017,78.5999984741211,78.5999984741211,652400,80.5999984741211,79.81999969482422,75.57671356201172
24-10-2017,78.5,78.98999786376953,677300,79.27999877929688,79.05000305175781,74.84764099121094
25-10-2017,77.70999908447266,78.58000183105469,724800,79.91000366210938,78.4000015258789,74.2322006225586
26-10-2017,77.87000274658203,78.52999877929688,836700,79.6500015258789,78.61000061035156,74.43103790283203
27-10-2017,81.01000213623047,81.87999725341797,1970500,87.80999755859375,84.41999816894531,79.93217468261719
30-10-2017,82.73999786376953,84.55000305175781,1142900,84.55000305175781,82.98999786376953,78.57820129394531
31-10-2017,83.19999694824219,83.3499984741211,717200,84.31999969482422,84.18000030517578,79.70491790771484
01-11-2017,84.5,84.68000030517578,988900,85.87999725341797,85.7699966430664,81.21040344238281
02-11-2017,82.33000183105469,84.68000030517578,1133400,84.88999938964844,82.86000061035156,78.4551010131836
03-11-2017,81.75,82.08999633789062,1129000,83.7300033569336,83.12000274658203,78.70127868652344
06-11-2017,82.6500015258789,83.19999694824219,450200,83.93000030517578,83.23999786376953,78.81489562988281
07-11-2017,82.36000061035156,83.23999786376953,824800,83.37999725341797,82.48999786376953,78.10478973388672
08-11-2017,81.77999877929688,82.16000366210938,1230800,82.75,82.19000244140625,78.1523208618164
09-11-2017,81.97000122070312,82.05000305175781,598000,82.9000015258789,82.72000122070312,78.6562728881836
10-11-2017,81.5199966430664,82.31999969482422,374900,83.06999969482422,83.05999755859375,78.97957611083984
13-11-2017,81.9000015258789,82.38999938964844,918200,84.37000274658203,84.0,79.8733901977539
14-11-2017,82.7699966430664,83.5199966430664,668600,84.25,84.22000122070312,80.08258056640625
15-11-2017,83.37000274658203,84.0,497200,84.44000244140625,84.25,80.11111450195312
16-11-2017,84.2699966430664,84.29000091552734,649900,85.19999694824219,84.9800033569336,80.80525970458984
17-11-2017,83.6500015258789,84.83999633789062,459000,84.91000366210938,84.62999725341797,80.47246551513672
20-11-2017,83.54000091552734,84.5999984741211,422700,84.7300033569336,84.70999908447266,80.54852294921875
21-11-2017,84.36000061035156,84.83000183105469,611400,85.69000244140625,85.66000366210938,81.45185852050781
22-11-2017,84.7699966430664,85.41000366210938,637400,85.41000366210938,85.2699966430664,81.08099365234375
24-11-2017,84.48999786376953,85.2699966430664,153600,85.55999755859375,85.11000061035156,80.92886352539062
27-11-2017,84.37999725341797,84.9000015258789,506900,85.01000213623047,84.68000030517578,80.5199966430664
28-11-2017,84.08999633789062,84.70999908447266,521100,85.5,85.19000244140625,81.00493621826172
29-11-2017,84.81999969482422,84.81999969482422,406500,85.48999786376953,85.25,81.0619888305664
30-11-2017,85.08000183105469,85.37000274658203,1042300,86.5,85.4000015258789,81.2046127319336
01-12-2017,82.80999755859375,85.36000061035156,726100,85.37999725341797,84.25,80.11111450195312
04-12-2017,83.56999969482422,84.30999755859375,962200,84.72000122070312,83.56999969482422,79.46453094482422
05-12-2017,83.5999984741211,83.87999725341797,588400,85.06999969482422,84.3499984741211,80.20620727539062
06-12-2017,84.04000091552734,84.33000183105469,444500,85.27999877929688,85.18000030517578,80.99543762207031
07-12-2017,84.93000030517578,85.16999816894531,454400,86.02999877929688,85.7699966430664,81.55644226074219
08-12-2017,85.52999877929688,85.8499984741211,550100,86.54000091552734,86.37000274658203,82.1269760131836
11-12-2017,85.87000274658203,86.30000305175781,426900,86.51000213623047,86.44000244140625,82.19354248046875
12-12-2017,85.27999877929688,85.5999984741211,493200,86.69999694824219,85.83999633789062,81.62298583984375
13-12-2017,85.01000213623047,85.33000183105469,656700,85.9800033569336,85.01000213623047,80.83377075195312
14-12-2017,83.87999725341797,84.79000091552734,562700,84.95999908447266,83.93000030517578,79.80684661865234
15-12-2017,84.37000274658203,84.51000213623047,1367200,85.58000183105469,85.29000091552734,81.10002136230469
18-12-2017,85.48999786376953,85.70999908447266,487000,86.5199966430664,85.69999694824219,81.4898910522461
19-12-2017,85.52999877929688,86.06999969482422,405600,86.44999694824219,86.12000274658203,81.88925170898438
20-12-2017,85.52999877929688,86.19999694824219,469700,86.30000305175781,85.56999969482422,81.36627197265625
21-12-2017,84.69999694824219,85.66000366210938,472000,85.93000030517578,84.9800033569336,80.80525970458984
22-12-2017,84.63999938964844,85.08999633789062,261300,85.5,85.11000061035156,80.92886352539062
26-12-2017,85.2699966430664,85.2699966430664,281300,86.06999969482422,85.58999633789062,81.38528442382812
27-12-2017,85.16999816894531,85.55999755859375,262000,86.0199966430664,85.76000213623047,81.54693603515625
28-12-2017,85.61000061035156,85.75,313000,86.30000305175781,86.26000213623047,82.02236938476562
29-12-2017,84.66999816894531,86.33000183105469,406200,86.33000183105469,84.69000244140625,80.52950286865234
02-01-2018,84.93000030517578,85.19999694824219,328500,86.12000274658203,85.52999877929688,81.3282470703125
03-01-2018,85.30999755859375,85.37999725341797,480800,86.6500015258789,86.41999816894531,82.17452239990234
04-01-2018,86.2300033569336,86.54000091552734,627500,86.8499984741211,86.54000091552734,82.2885971069336
05-01-2018,86.12000274658203,86.58999633789062,531600,87.69000244140625,87.69000244140625,83.38213348388672
08-01-2018,87.23999786376953,87.66999816894531,713600,88.48999786376953,88.19000244140625,83.8575668334961
09-01-2018,87.22000122070312,87.93000030517578,463500,88.47000122070312,88.0,83.6769027709961
10-01-2018,86.44000244140625,87.31999969482422,340900,87.61000061035156,87.0999984741211,82.82111358642578
11-01-2018,86.26000213623047,86.48999786376953,343100,87.05999755859375,87.04000091552734,82.76405334472656
12-01-2018,86.66999816894531,87.12999725341797,339200,87.94000244140625,87.77999877929688,83.46768951416016
16-01-2018,87.5999984741211,88.18000030517578,559400,88.33000183105469,87.86000061035156,83.54378509521484
17-01-2018,87.80999755859375,88.2699966430664,569200,89.0999984741211,88.7300033569336,84.37104034423828
18-01-2018,87.91000366210938,88.1500015258789,585400,89.20999908447266,88.79000091552734,84.42808532714844
19-01-2018,88.51000213623047,89.20999908447266,855100,89.72000122070312,88.68000030517578,84.32347869873047
22-01-2018,87.0999984741211,88.37000274658203,1119900,88.6500015258789,87.51000213623047,83.21097564697266
23-01-2018,97.37000274658205,98.7300033569336,4695800,104.77999877929688,100.3499984741211,95.4201889038086
24-01-2018,99.25,99.5999984741211,1923600,100.88999938964844,100.22000122070312,95.29657745361328
25-01-2018,99.75,100.68000030517578,900700,101.9499969482422,101.62000274658205,96.6277847290039
26-01-2018,101.1999969482422,101.77999877929688,673000,102.9800033569336,102.8000030517578,97.74983978271484
29-01-2018,102.44000244140624,102.8000030517578,733900,103.58000183105467,102.81999969482422,97.7688446044922
30-01-2018,98.9000015258789,99.87999725341795,1258100,102.25,100.66999816894533,95.7244644165039
31-01-2018,100.08000183105467,101.2300033569336,798000,101.48999786376952,100.79000091552734,95.83858489990234
01-02-2018,99.29000091552734,100.25,743300,101.37000274658205,99.6500015258789,94.75457763671876
02-02-2018,96.81999969482422,98.75,764500,99.13999938964844,96.97000122070312,92.20623779296876
05-02-2018,93.13999938964844,95.98999786376952,1024400,97.41000366210938,93.33000183105467,88.74506378173828
06-02-2018,91.47000122070312,91.79000091552734,1203700,95.5199966430664,95.0500030517578,90.38054656982422
07-02-2018,92.55999755859376,93.31999969482422,845800,94.93000030517578,92.58999633789062,88.36679077148438
08-02-2018,89.22000122070312,92.5199966430664,764800,92.95999908447266,89.26000213623047,85.18868255615234
09-02-2018,87.66999816894531,90.26000213623048,814200,91.80999755859376,91.0500030517578,86.89701843261719
12-02-2018,90.47000122070312,91.7300033569336,663500,92.44000244140624,91.7300033569336,87.5460433959961
13-02-2018,90.20999908447266,90.88999938964844,423300,91.9499969482422,91.5199966430664,87.34558868408203
14-02-2018,90.41000366210938,90.62999725341795,748300,93.8499984741211,93.47000122070312,89.20664978027344
15-02-2018,92.8000030517578,93.2300033569336,622000,94.43000030517578,94.19000244140624,89.8938217163086
16-02-2018,93.76000213623048,93.91000366210938,810900,95.1500015258789,93.80999755859376,89.53114318847656
20-02-2018,92.5999984741211,93.0,656500,93.7300033569336,92.83000183105467,88.59586334228516
21-02-2018,93.1500015258789,93.4000015258789,642600,94.9499969482422,93.1999969482422,88.94895935058594
22-02-2018,93.5500030517578,93.79000091552734,715800,94.9000015258789,93.77999877929688,89.50251770019531
23-02-2018,93.45999908447266,94.43000030517578,418400,95.4499969482422,95.41999816894533,91.06771087646484
26-02-2018,95.0199966430664,95.44000244140624,691800,96.58000183105467,96.4000015258789,92.0030288696289
27-02-2018,95.5,96.51000213623048,736900,97.5500030517578,95.5,91.1440658569336
28-02-2018,95.05999755859376,96.02999877929688,602400,96.93000030517578,95.2699966430664,90.92455291748048
01-03-2018,92.75,94.87000274658205,647600,95.12999725341795,93.95999908447266,89.67430877685547
02-03-2018,93.02999877929688,93.18000030517578,444900,95.1500015258789,94.91999816894533,90.59052276611328
05-03-2018,93.62000274658205,94.08000183105467,628100,95.98999786376952,95.44000244140624,91.08680725097656
06-03-2018,95.20999908447266,95.47000122070312,323100,96.31999969482422,96.18000030517578,91.79305267333984
07-03-2018,95.29000091552734,95.29000091552734,459100,96.95999908447266,96.6500015258789,92.24159240722656
08-03-2018,96.83000183105467,97.2300033569336,346200,97.88999938964844,97.61000061035156,93.15782928466795
09-03-2018,97.8000030517578,98.38999938964844,428600,99.69000244140624,99.68000030517578,95.13341522216795
12-03-2018,99.16000366210938,99.5199966430664,332400,99.80999755859376,99.54000091552734,94.99977111816406
13-03-2018,98.58999633789062,99.55999755859376,371800,99.97000122070312,98.88999938964844,94.37943267822266
14-03-2018,98.0,99.48999786376952,360500,99.48999786376952,98.58999633789062,94.09312438964844
15-03-2018,97.83000183105467,98.52999877929688,357700,98.6999969482422,98.11000061035156,93.63502502441406
16-03-2018,97.8499984741211,97.8499984741211,962100,98.73999786376952,98.19000244140624,93.71136474609376
19-03-2018,96.56999969482422,97.87999725341795,920000,98.69000244140624,97.75,93.29143524169922
20-03-2018,97.6500015258789,98.3000030517578,384300,98.61000061035156,98.18000030517578,93.70182037353516
21-03-2018,98.13999938964844,98.37999725341795,381500,99.25,98.33000183105467,93.8449935913086
22-03-2018,96.41999816894533,97.26000213623048,565900,98.0,96.4800033569336,92.07936096191406
23-03-2018,95.38999938964844,96.33999633789062,762800,97.37000274658205,95.47000122070312,91.1154327392578
26-03-2018,96.13999938964844,96.6999969482422,413200,98.4499969482422,98.2699966430664,93.7877197265625
27-03-2018,96.54000091552734,98.5,572300,98.81999969482422,97.27999877929688,92.84288787841795
28-03-2018,95.41000366210938,97.0999984741211,549000,97.0999984741211,96.25,91.8598403930664
29-03-2018,95.13999938964844,95.6500015258789,834500,99.06999969482422,98.47000122070312,93.97859191894533
02-04-2018,94.86000061035156,98.4800033569336,746200,98.5199966430664,95.8000030517578,91.43040466308594
03-04-2018,95.1999969482422,96.19000244140624,579400,97.2300033569336,96.91999816894533,92.49929809570312
04-04-2018,93.08000183105467,94.3499984741211,954300,96.16999816894533,95.83999633789062,91.4685516357422
05-04-2018,93.62000274658205,94.51000213623048,873700,96.2699966430664,95.20999908447266,90.86727905273438
06-04-2018,92.91999816894533,94.9800033569336,580500,96.0199966430664,93.62000274658205,89.34981536865234
09-04-2018,94.08000183105467,94.3000030517578,442400,95.66000366210938,94.6500015258789,90.33283233642578
10-04-2018,95.3499984741211,95.91000366210938,473500,97.16999816894533,96.66000366210938,92.25115203857422
11-04-2018,95.66999816894533,95.83000183105467,538600,96.83000183105467,96.44000244140624,92.04120635986328
12-04-2018,96.68000030517578,96.8499984741211,678000,98.8000030517578,98.5,94.0072250366211
13-04-2018,98.4000015258789,99.0,760600,99.58999633789062,98.8499984741211,94.3412628173828
16-04-2018,98.94000244140624,99.36000061035156,520400,100.16000366210938,99.6999969482422,95.1524887084961
17-04-2018,99.48999786376952,100.1999969482422,573800,100.87999725341795,100.72000122070312,96.12596893310548
18-04-2018,99.83999633789062,100.8000030517578,429500,101.61000061035156,101.16999816894533,96.55545043945312
19-04-2018,99.97000122070312,100.9000015258789,389600,100.9000015258789,100.37000274658205,95.79192352294922
20-04-2018,98.22000122070312,100.0199966430664,650500,100.08000183105467,98.8000030517578,94.2935562133789
23-04-2018,97.37999725341795,98.23999786376952,875000,99.5500030517578,97.94000244140624,93.4727554321289
24-04-2018,95.41999816894533,97.93000030517578,625200,98.08999633789062,96.55999755859376,92.15572357177734
25-04-2018,95.52999877929688,96.4800033569336,476800,96.55999755859376,96.4499969482422,92.0507354736328
26-04-2018,95.80999755859376,96.4000015258789,697800,97.47000122070312,97.1999969482422,92.76652526855467
27-04-2018,93.3499984741211,97.62999725341795,1338400,97.86000061035156,94.38999938964844,90.08470153808594
30-04-2018,94.52999877929688,95.61000061035156,1120000,96.27999877929688,94.63999938964844,90.32330322265624
01-05-2018,94.3499984741211,94.72000122070312,1288300,95.16000366210938,95.12000274658205,90.78138732910156
02-05-2018,95.54000091552734,95.9499969482422,932400,96.73999786376952,95.81999969482422,91.44947052001952
03-05-2018,94.6999969482422,95.91000366210938,755700,97.43000030517578,96.9800033569336,92.55655670166016
04-05-2018,95.4499969482422,96.55999755859376,498500,98.11000061035156,97.72000122070312,93.2627944946289
07-05-2018,97.4800033569336,97.79000091552734,728300,98.6999969482422,97.8499984741211,93.3868637084961
08-05-2018,96.98999786376952,97.7699966430664,627600,98.41999816894533,97.83000183105467,93.3677978515625
09-05-2018,97.3499984741211,97.61000061035156,427200,98.9000015258789,98.16000366210938,94.01909637451172
10-05-2018,99.68000030517578,100.08000183105467,795600,101.4000015258789,101.06999969482422,96.80635833740234
11-05-2018,100.63999938964844,100.94000244140624,690100,102.12999725341795,101.98999786376952,97.68753814697266
14-05-2018,101.48999786376952,101.73999786376952,440300,102.91000366210938,102.1500015258789,97.8407745361328
15-05-2018,100.94000244140624,101.5199966430664,533700,101.94000244140624,101.18000030517578,96.91169738769533
16-05-2018,101.2300033569336,101.41000366210938,459400,102.76000213623048,102.38999938964844,98.0706558227539
17-05-2018,100.8499984741211,102.22000122070312,486200,102.36000061035156,101.43000030517578,97.15116119384766
18-05-2018,101.11000061035156,101.26000213623048,457800,102.16999816894533,101.62999725341795,97.34272003173828
21-05-2018,101.6999969482422,102.27999877929688,421300,103.0,102.8499984741211,98.51124572753906
22-05-2018,101.51000213623048,102.80999755859376,552100,102.81999969482422,102.04000091552734,97.73542022705078
23-05-2018,101.58999633789062,101.66000366210938,447100,102.86000061035156,102.72000122070312,98.3867416381836
24-05-2018,102.13999938964844,102.66000366210938,756400,103.5999984741211,103.12999725341795,98.77942657470705
25-05-2018,102.88999938964844,103.2300033569336,487500,103.36000061035156,103.12000274658205,98.76985931396484
29-05-2018,100.56999969482422,102.16999816894533,823700,102.27999877929688,101.0999984741211,96.83509063720705
30-05-2018,101.36000061035156,101.5,604800,103.19000244140624,102.56999969482422,98.2430648803711
31-05-2018,101.9000015258789,102.5,1641600,103.4800033569336,102.80999755859376,98.47293853759766
01-06-2018,102.4800033569336,103.0199966430664,1000500,103.7300033569336,103.55999755859376,99.19129943847656
04-06-2018,103.4499969482422,103.75,590200,105.1500015258789,105.12999725341795,100.69507598876952
05-06-2018,104.63999938964844,104.88999938964844,562700,105.93000030517578,105.55999755859376,101.10694122314452
06-06-2018,105.44000244140624,105.8000030517578,439700,106.66999816894533,106.66000366210938,102.1605224609375
07-06-2018,105.20999908447266,106.87000274658205,435900,106.97000122070312,105.91000366210938,101.44216918945312
08-06-2018,105.58000183105467,105.6999969482422,345200,106.8000030517578,106.79000091552734,102.2850570678711
11-06-2018,106.20999908447266,106.8000030517578,369400,107.18000030517578,106.55999755859376,102.06475067138672
12-06-2018,106.33999633789062,106.45999908447266,535200,107.4499969482422,106.9499969482422,102.43829345703124
13-06-2018,106.43000030517578,107.0199966430664,524000,107.66999816894533,106.8000030517578,102.2946319580078
14-06-2018,106.4499969482422,106.79000091552734,626700,107.62999725341795,106.76000213623048,102.25631713867188
15-06-2018,105.25,106.76000213623048,1010300,106.83000183105467,105.8000030517578,101.3368148803711
18-06-2018,104.72000122070312,105.38999938964844,666900,106.56999969482422,106.27999877929688,101.79655456542967
19-06-2018,105.1999969482422,105.66999816894533,556500,106.13999938964844,106.0999984741211,101.6241455078125
20-06-2018,106.5500030517578,106.66999816894533,388000,107.5,106.80999755859376,102.30419158935548
21-06-2018,106.22000122070312,106.87999725341795,432600,107.58999633789062,107.02999877929688,102.51492309570312
22-06-2018,106.9499969482422,107.23999786376952,965800,108.29000091552734,107.93000030517578,103.37696075439452
25-06-2018,104.4499969482422,107.8499984741211,749400,107.93000030517578,105.5199966430664,101.0686264038086
26-06-2018,105.52999877929688,105.68000030517578,564600,107.0999984741211,106.37999725341795,101.89234924316406
27-06-2018,103.3000030517578,106.12000274658205,853700,106.1500015258789,103.43000030517578,99.06678771972656
28-06-2018,102.06999969482422,103.41000366210938,460500,104.37999725341795,104.08000183105467,99.68938446044922
29-06-2018,103.5500030517578,104.33000183105467,838100,105.0500030517578,103.58000183105467,99.2104721069336
02-07-2018,102.55999755859376,102.6999969482422,617100,103.79000091552734,103.77999877929688,99.40203094482422
03-07-2018,103.18000030517578,103.48999786376952,380800,104.18000030517578,103.5199966430664,99.1529769897461
05-07-2018,103.8000030517578,104.36000061035156,941600,105.4800033569336,105.26000213623048,100.81959533691406
06-07-2018,106.0,106.5199966430664,467000,107.4000015258789,106.81999969482422,102.31379699707033
09-07-2018,106.5500030517578,106.5999984741211,642100,107.54000091552734,107.2300033569336,102.70648956298828
10-07-2018,107.30999755859376,107.63999938964844,740900,108.5500030517578,108.0,103.4439926147461
11-07-2018,104.66000366210938,104.66000366210938,702000,108.38999938964844,107.56999969482422,103.03214263916016
12-07-2018,108.06999969482422,108.16000366210938,680500,109.20999908447266,109.0199966430664,104.42098236083984
13-07-2018,108.77999877929688,109.22000122070312,458000,109.62999725341795,109.12000274658205,104.51675415039062
16-07-2018,108.26000213623048,109.0500030517578,545000,109.27999877929688,108.97000122070312,104.37307739257812
17-07-2018,108.52999877929688,108.52999877929688,735300,109.69000244140624,109.37999725341795,104.76579284667967
18-07-2018,108.4499969482422,109.62999725341795,662300,109.7300033569336,108.5199966430664,103.94204711914062
19-07-2018,107.62000274658205,108.41999816894533,617900,109.3000030517578,108.80999755859376,104.2198257446289
20-07-2018,108.9800033569336,109.01000213623048,612900,109.97000122070312,109.33000183105467,104.7178955078125
23-07-2018,108.4800033569336,108.77999877929688,487200,109.2699966430664,109.0500030517578,104.44972229003906
24-07-2018,108.54000091552734,109.7300033569336,492000,109.77999877929688,108.9800033569336,104.38267517089844
25-07-2018,108.25,108.3499984741211,862500,109.66999816894533,109.33000183105467,104.7178955078125
26-07-2018,107.9000015258789,109.0,668200,109.05999755859376,108.66000366210938,104.07616424560548
27-07-2018,105.91999816894533,108.88999938964844,548600,108.97000122070312,106.4800033569336,101.98810577392578
30-07-2018,104.37000274658205,106.29000091552734,831900,106.29000091552734,104.6500015258789,100.23531341552734
31-07-2018,104.87999725341795,104.9800033569336,824500,106.12999725341795,105.77999877929688,101.31765747070312
01-08-2018,105.45999908447266,105.68000030517578,820700,107.3499984741211,106.9800033569336,102.46702575683594
02-08-2018,106.47000122070312,106.47000122070312,979200,108.83999633789062,108.61000061035156,104.02825927734376
03-08-2018,102.75,106.22000122070312,1330000,106.4800033569336,104.73999786376952,100.32151794433594
06-08-2018,104.81999969482422,104.81999969482422,1018600,107.16000366210938,106.8000030517578,102.2946319580078
07-08-2018,106.66999816894533,106.81999969482422,1124700,107.8000030517578,107.73999786376952,103.19497680664062
08-08-2018,107.16999816894533,107.6500015258789,644000,108.37999725341795,107.91999816894533,103.36736297607422
09-08-2018,107.68000030517578,107.88999938964844,684900,109.62000274658205,108.08999633789062,103.5301742553711
10-08-2018,107.23999786376952,107.43000030517578,528100,108.2699966430664,107.77999877929688,103.23329162597656
13-08-2018,106.68000030517578,107.94000244140624,632300,108.77999877929688,106.7300033569336,102.22759246826172
14-08-2018,106.73999786376952,107.16999816894533,828900,108.68000030517578,108.26000213623048,103.69303894042967
15-08-2018,106.22000122070312,107.4499969482422,504600,107.58999633789062,107.13999938964844,102.9722137451172
16-08-2018,106.68000030517578,107.68000030517578,754900,107.86000061035156,106.83999633789062,102.68386840820312
17-08-2018,106.25,107.04000091552734,755100,107.23999786376952,106.8000030517578,102.64543914794922
20-08-2018,106.1999969482422,107.19000244140624,885500,107.2699966430664,106.4000015258789,102.26099395751952
21-08-2018,106.4800033569336,107.01000213623048,987600,107.41000366210938,106.87000274658205,102.71269989013672
22-08-2018,106.54000091552734,106.7300033569336,639100,107.55999755859376,107.25,103.07791900634766
23-08-2018,107.1999969482422,107.48999786376952,916500,108.4499969482422,108.25,104.03903198242188
24-08-2018,108.3000030517578,108.3000030517578,478900,109.2300033569336,108.9000015258789,104.66373443603516
27-08-2018,109.0999984741211,109.1999969482422,602200,110.79000091552734,110.73999786376952,106.43215942382812
28-08-2018,110.7300033569336,110.73999786376952,774800,112.4800033569336,111.52999877929688,107.1914291381836
29-08-2018,111.36000061035156,111.44000244140624,631500,112.66000366210938,112.37999725341795,108.00836944580078
30-08-2018,112.08000183105467,112.37999725341795,419500,112.8000030517578,112.4000015258789,108.027587890625
31-08-2018,111.0999984741211,112.16999816894533,732500,112.66000366210938,111.41000366210938,107.07608795166016
04-09-2018,111.16999816894533,111.26000213623048,554700,111.98999786376952,111.8499984741211,107.49898529052734
05-09-2018,110.5,111.8499984741211,672000,112.01000213623048,111.9800033569336,107.62393188476562
06-09-2018,110.5,111.25,624500,112.45999908447266,111.93000030517578,107.57585906982422
07-09-2018,111.3499984741211,111.8499984741211,454900,112.87000274658205,112.04000091552734,107.6815948486328
10-09-2018,111.9499969482422,112.47000122070312,514300,112.76000213623048,112.01000213623048,107.65275573730467
11-09-2018,110.20999908447266,110.8000030517578,667700,111.76000213623048,111.33000183105467,106.99920654296876
12-09-2018,111.0199966430664,111.37000274658205,409800,111.83999633789062,111.6500015258789,107.30677795410156
13-09-2018,111.97000122070312,112.0199966430664,874500,114.0999984741211,114.08000183105467,109.64224243164062
14-09-2018,113.6500015258789,114.2300033569336,598800,114.4800033569336,114.2300033569336,109.78639221191406
17-09-2018,112.4800033569336,114.3000030517578,676600,114.5,112.76000213623048,108.37358856201172
18-09-2018,112.41000366210938,112.4800033569336,877000,113.70999908447266,113.43000030517578,109.01752471923828
19-09-2018,112.33999633789062,112.98999786376952,499000,113.54000091552734,112.61000061035156,108.22943878173828
20-09-2018,112.47000122070312,113.12000274658205,463400,113.58000183105467,113.4800033569336,109.06558227539062
21-09-2018,113.61000061035156,113.66999816894533,1089200,114.8499984741211,113.83000183105467,109.4019546508789
24-09-2018,113.29000091552734,113.5,426200,114.26000213623048,113.98999786376952,109.55574035644533
25-09-2018,114.1500015258789,114.36000061035156,769900,115.52999877929688,115.36000061035156,110.87242889404295
26-09-2018,114.87999725341795,115.27999877929688,897000,116.54000091552734,115.5500030517578,111.0550537109375
27-09-2018,114.41999816894533,115.5999984741211,473900,115.6500015258789,114.58999633789062,110.13238525390624
28-09-2018,114.1999969482422,114.5,564100,115.4000015258789,115.33999633789062,110.85321044921876
01-10-2018,114.98999786376952,115.87999725341795,376800,116.63999938964844,115.16999816894533,110.68983459472656
02-10-2018,113.30999755859376,114.7699966430664,768600,114.7699966430664,113.87000274658205,109.44042205810548
03-10-2018,111.6500015258789,113.9499969482422,592300,114.02999877929688,111.75,107.40286254882812
04-10-2018,109.19000244140624,111.56999969482422,543100,111.62999725341795,109.79000091552734,105.51913452148438
05-10-2018,108.61000061035156,109.94000244140624,551300,110.55999755859376,109.80999755859376,105.53832244873048
08-10-2018,106.70999908447266,109.77999877929688,548800,109.8000030517578,107.87000274658205,103.673828125
09-10-2018,106.0999984741211,107.13999938964844,620400,108.19000244140624,106.3000030517578,102.16488647460938
10-10-2018,103.0500030517578,106.1500015258789,697000,106.16000366210938,103.16000366210938,99.14703369140624
11-10-2018,101.16000366210938,102.61000061035156,878000,104.22000122070312,101.83999633789062,97.87840270996094
12-10-2018,102.0,103.41000366210938,653500,104.3499984741211,103.25,99.23351287841795
15-10-2018,102.1999969482422,103.16000366210938,549800,103.87999725341795,102.69000244140624,98.6953125
16-10-2018,103.18000030517578,103.38999938964844,637800,106.08000183105467,106.01000213623048,101.88615417480467
17-10-2018,105.44000244140624,105.81999969482422,449500,106.86000061035156,106.66000366210938,102.5108642578125
18-10-2018,104.2699966430664,106.16000366210938,713600,106.63999938964844,105.02999877929688,100.94428253173828
19-10-2018,102.72000122070312,105.30999755859376,729000,105.44000244140624,102.9800033569336,98.97403717041016
22-10-2018,101.8499984741211,102.5,783300,103.37000274658205,102.62999725341795,98.63762664794922
23-10-2018,98.83000183105467,101.25,945900,101.33000183105467,100.62999725341795,96.71546173095705
24-10-2018,97.79000091552734,100.43000030517578,669300,101.3000030517578,98.05999755859376,94.24542236328124
25-10-2018,96.36000061035156,98.08000183105467,1179000,99.26000213623048,98.5,94.66830444335938
26-10-2018,99.77999877929688,100.94000244140624,1952900,104.8000030517578,104.0999984741211,100.05046081542967
29-10-2018,101.75,105.29000091552734,1214100,105.76000213623048,103.16000366210938,99.14703369140624
30-10-2018,103.33000183105467,103.76000213623048,764100,105.25,105.19000244140624,101.09806823730467
31-10-2018,105.16999816894533,105.62000274658205,1129800,107.27999877929688,105.91999816894533,101.79965209960938
01-11-2018,104.68000030517578,105.58999633789062,843300,106.45999908447266,106.0,101.87655639648438
02-11-2018,104.79000091552734,106.98999786376952,709800,107.87999725341795,105.70999908447266,101.59783935546876
05-11-2018,104.81999969482422,105.97000122070312,854600,106.06999969482422,105.0,100.91544342041016
06-11-2018,104.4000015258789,105.04000091552734,626300,105.3499984741211,104.98999786376952,100.90583801269533
07-11-2018,104.58000183105467,104.81999969482422,928600,107.80999755859376,107.58999633789062,103.77037811279295
08-11-2018,106.86000061035156,106.97000122070312,544700,108.77999877929688,108.5199966430664,104.66738891601562
09-11-2018,105.94000244140624,108.02999877929688,470500,108.26000213623048,106.94000244140624,103.14349365234376
12-11-2018,103.36000061035156,106.7699966430664,625200,107.0,103.73999786376952,100.0570831298828
13-11-2018,101.04000091552734,103.20999908447266,751300,103.94000244140624,101.6999969482422,98.08949279785156
14-11-2018,100.83999633789062,102.75,513600,103.0,101.63999938964844,98.03163146972656
15-11-2018,100.88999938964844,101.44000244140624,567300,104.2699966430664,104.2300033569336,100.52970123291016
16-11-2018,102.33000183105467,102.72000122070312,869800,105.38999938964844,104.18000030517578,100.4814453125
19-11-2018,101.37999725341795,104.08999633789062,1267900,104.33000183105467,102.56999969482422,98.92860412597656
20-11-2018,100.81999969482422,101.6999969482422,989600,102.26000213623048,101.61000061035156,98.0027084350586
21-11-2018,101.54000091552734,102.0999984741211,659900,103.41000366210938,102.8499984741211,99.1986846923828
23-11-2018,102.30999755859376,102.30999755859376,299100,104.0,103.69000244140624,100.00885009765624
26-11-2018,103.38999938964844,104.58999633789062,561400,104.81999969482422,104.73999786376952,101.02159118652344
27-11-2018,103.5199966430664,104.23999786376952,829900,105.83999633789062,105.58999633789062,101.8414077758789
28-11-2018,105.6500015258789,105.70999908447266,962600,108.97000122070312,108.87000274658205,105.00496673583984
29-11-2018,108.2300033569336,108.45999908447266,984200,111.2699966430664,110.5,106.57708740234376
30-11-2018,109.41999816894533,110.4499969482422,1494100,112.0999984741211,111.79000091552734,107.82128143310548
03-12-2018,111.68000030517578,112.0,799300,113.08000183105467,113.02999877929688,109.01727294921876
04-12-2018,111.41999816894533,112.62000274658205,1853000,113.4499969482422,112.12999725341795,108.1492156982422
06-12-2018,110.16000366210938,110.87999725341795,1445200,112.37000274658205,112.3499984741211,108.36140441894533
07-12-2018,109.43000030517578,111.87000274658205,1175600,112.18000030517578,109.98999786376952,106.08519744873048
10-12-2018,110.11000061035156,110.26000213623048,1047100,113.16000366210938,112.9000015258789,108.89189910888672
11-12-2018,113.37000274658205,113.72000122070312,1089900,114.80999755859376,113.94000244140624,109.89495849609376
12-12-2018,114.6500015258789,114.91999816894533,1102600,116.31999969482422,115.16000366210938,111.07164001464844
13-12-2018,114.66999816894533,115.63999938964844,949500,116.12000274658205,115.33000183105467,111.23562622070312
14-12-2018,112.16999816894533,114.25,1218400,114.25,112.93000030517578,108.92083740234376
17-12-2018,109.79000091552734,112.55999755859376,1392200,112.72000122070312,110.76000213623048,106.82787322998048
18-12-2018,110.4800033569336,111.06999969482422,1105700,112.23999786376952,111.6500015258789,107.68628692626952
19-12-2018,109.22000122070312,111.72000122070312,973300,113.12000274658205,109.52999877929688,105.64152526855467
20-12-2018,106.7300033569336,109.12000274658205,941600,109.87000274658205,107.47000122070312,103.65467071533205
21-12-2018,106.0199966430664,107.18000030517578,1791500,109.19000244140624,106.4499969482422,102.67086029052734
24-12-2018,103.1999969482422,106.22000122070312,478700,106.72000122070312,103.5199966430664,99.84488677978516
26-12-2018,103.77999877929688,103.77999877929688,669500,108.9499969482422,108.87999725341795,105.01461029052734
27-12-2018,107.0500030517578,107.88999938964844,956800,111.1500015258789,111.13999938964844,107.19436645507812
28-12-2018,110.11000061035156,111.86000061035156,856400,113.23999786376952,112.04000091552734,108.06242370605467
31-12-2018,112.33000183105467,112.5,960300,114.98999786376952,113.87000274658205,109.82745361328124
02-01-2019,111.27999877929688,111.98999786376952,1042300,113.26000213623048,111.7699966430664,107.802001953125
03-01-2019,106.31999969482422,110.93000030517578,1372700,110.93000030517578,106.4800033569336,102.6998062133789
04-01-2019,107.83999633789062,108.19000244140624,1406600,112.37999725341795,110.19000244140624,106.27808380126952
07-01-2019,109.62999725341795,110.33999633789062,702400,112.5999984741211,111.22000122070312,107.27153778076172
08-01-2019,111.3499984741211,112.0,708800,113.55999755859376,113.51000213623048,109.48023223876952
09-01-2019,113.0,113.87999725341795,730300,115.27999877929688,114.5500030517578,110.48330688476562
10-01-2019,112.9800033569336,113.94000244140624,424300,115.47000122070312,115.38999938964844,111.29348754882812
11-01-2019,113.83000183105467,114.80999755859376,464000,115.01000213623048,114.80999755859376,110.73407745361328
14-01-2019,113.27999877929688,114.23999786376952,572300,114.41000366210938,113.58000183105467,109.54776000976562
15-01-2019,113.9499969482422,114.12999725341795,1099400,116.25,115.66999816894533,111.56354522705078
16-01-2019,115.95999908447266,116.0,874400,118.12999725341795,116.88999938964844,112.74022674560548
17-01-2019,116.05999755859376,116.27999877929688,775600,117.83999633789062,117.41000366210938,113.24178314208984
18-01-2019,116.95999908447266,118.18000030517578,1028500,118.5,117.83999633789062,113.65650177001952
22-01-2019,116.5500030517578,116.9800033569336,701600,117.72000122070312,117.47000122070312,113.29963684082033
23-01-2019,115.37000274658205,117.70999908447266,592100,117.70999908447266,117.22000122070312,113.05850982666016
24-01-2019,116.12999725341795,117.2699966430664,670000,117.3499984741211,117.3000030517578,113.13567352294922
25-01-2019,94.23999786376952,100.41000366210938,5881000,100.56999969482422,94.55999755859376,91.20299530029295
28-01-2019,90.68000030517578,94.16999816894533,3239500,94.16999816894533,91.55999755859376,88.30949401855469
29-01-2019,90.63999938964844,92.81999969482422,2344700,92.95999908447266,92.04000091552734,88.7724380493164
30-01-2019,91.66000366210938,92.3000030517578,2254700,94.08999633789062,93.73999786376952,90.4120864868164
31-01-2019,93.81999969482422,94.4800033569336,2150600,95.37999725341795,95.16999816894533,91.79132080078124
01-02-2019,92.7300033569336,95.08999633789062,1701100,95.83000183105467,93.62000274658205,90.29634857177734
04-02-2019,92.91000366210938,93.5,1257700,94.62999725341795,94.33000183105467,90.9811553955078
05-02-2019,94.76000213623048,94.80999755859376,1709900,96.23999786376952,95.16000366210938,91.78170013427734
06-02-2019,94.80999755859376,94.88999938964844,1089500,95.91999816894533,95.58999633789062,92.55628967285156
07-02-2019,94.58999633789062,95.5199966430664,1159400,96.06999969482422,95.72000122070312,92.68216705322266
08-02-2019,95.66999816894533,96.66000366210938,1538000,97.1999969482422,96.80999755859376,93.7375717163086
11-02-2019,96.62999725341795,96.83999633789062,1095600,97.73999786376952,97.20999908447266,94.1248779296875
12-02-2019,97.12000274658205,97.9499969482422,1202200,98.37000274658205,98.20999908447266,95.09314727783205
13-02-2019,97.81999969482422,98.4800033569336,1193400,99.4000015258789,98.93000030517578,95.79029083251952
14-02-2019,98.62999725341795,98.98999786376952,1011500,99.88999938964844,99.44000244140624,96.28410339355467
15-02-2019,99.55999755859376,99.9499969482422,853200,100.48999786376952,100.4499969482422,97.26205444335938
19-02-2019,99.63999938964844,100.44000244140624,1030400,101.08000183105467,99.75,96.5842742919922
20-02-2019,98.45999908447266,99.43000030517578,1354600,99.81999969482422,99.7699966430664,96.6036376953125
21-02-2019,99.51000213623048,99.83000183105467,966600,100.27999877929688,100.0999984741211,96.92315673828124
22-02-2019,100.08000183105467,100.3000030517578,604000,101.45999908447266,101.23999786376952,98.02698516845705
25-02-2019,101.36000061035156,101.37000274658205,583900,102.12999725341795,101.66000366210938,98.43365478515624
26-02-2019,100.33999633789062,101.7300033569336,835600,101.7300033569336,100.8000030517578,97.6009521484375
27-02-2019,100.52999877929688,100.52999877929688,832500,102.08000183105467,101.81999969482422,98.58856964111328
28-02-2019,102.08999633789062,103.0,1812500,103.4800033569336,102.43000030517578,99.1792221069336
01-03-2019,102.22000122070312,102.8000030517578,672800,103.29000091552734,103.11000061035156,99.83765411376952
04-03-2019,101.01000213623048,103.61000061035156,916800,103.70999908447266,101.9000015258789,98.66602325439452
05-03-2019,100.61000061035156,101.9000015258789,668000,102.68000030517578,102.43000030517578,99.1792221069336
06-03-2019,100.56999969482422,102.4499969482422,758900,102.4499969482422,100.61000061035156,97.41697692871094
07-03-2019,99.80999755859376,100.5999984741211,1143200,101.06999969482422,100.48999786376952,97.30078887939452
08-03-2019,100.08000183105467,100.29000091552734,998800,101.33999633789062,101.0,97.79461669921876
11-03-2019,100.83000183105467,101.1500015258789,1099800,101.9000015258789,101.4000015258789,98.18190002441406
12-03-2019,101.7699966430664,101.8499984741211,983800,103.1500015258789,102.7699966430664,99.50843048095705
13-03-2019,102.4000015258789,102.95999908447266,872200,103.48999786376952,102.62999725341795,99.37286376953124
14-03-2019,100.95999908447266,102.56999969482422,972500,102.56999969482422,101.0,97.79461669921876
15-03-2019,100.1999969482422,100.9000015258789,2279400,101.7300033569336,100.37000274658205,97.18458557128906
18-03-2019,96.94000244140624,100.36000061035156,1915700,100.61000061035156,97.4000015258789,94.30884552001952
19-03-2019,97.06999969482422,97.66000366210938,1101100,98.19000244140624,97.9000015258789,94.79298400878906
20-03-2019,98.4499969482422,99.12999725341795,1467600,100.8000030517578,98.80999755859376,95.67408752441406
21-03-2019,98.47000122070312,98.47000122070312,676800,101.2300033569336,100.97000122070312,97.76555633544922
22-03-2019,100.11000061035156,100.75,599200,101.91000366210938,100.13999938964844,96.96188354492188
25-03-2019,99.47000122070312,99.9800033569336,560600,101.76000213623048,101.41999816894533,98.20126342773438
26-03-2019,101.87000274658205,101.9800033569336,658300,103.45999908447266,102.31999969482422,99.0727081298828
27-03-2019,100.45999908447266,101.77999877929688,630800,102.33000183105467,101.5,98.27872467041016
28-03-2019,101.70999908447266,101.7300033569336,539100,102.7699966430664,102.6999969482422,99.44064331054688
29-03-2019,102.76000213623048,102.98999786376952,985400,104.08000183105467,103.97000122070312,100.67034149169922
01-04-2019,103.83000183105467,104.86000061035156,700300,105.18000030517578,104.66999816894533,101.3481216430664
02-04-2019,103.8499984741211,104.43000030517578,624400,105.25,105.01000213623048,101.67733764648438
03-04-2019,102.77999877929688,105.20999908447266,1783800,105.4000015258789,103.0,99.73112487792967
04-04-2019,100.8499984741211,101.68000030517578,720200,102.43000030517578,101.3000030517578,98.0850830078125
05-04-2019,99.8499984741211,100.62000274658205,975500,101.93000030517578,100.91000366210938,97.70746612548828
08-04-2019,100.3499984741211,101.12999725341795,725200,101.70999908447266,101.45999908447266,98.24000549316406
09-04-2019,100.91999816894533,101.4000015258789,490500,102.0,101.3499984741211,98.1334991455078
10-04-2019,100.86000061035156,101.30999755859376,514500,102.48999786376952,101.62000274658205,98.39491271972656
11-04-2019,100.31999969482422,101.5500030517578,1143900,101.58999633789062,100.83999633789062,97.6396713256836
12-04-2019,101.30999755859376,101.5,590900,102.56999969482422,102.27999877929688,99.03397369384766
15-04-2019,102.1999969482422,102.29000091552734,725700,103.16000366210938,103.0999984741211,99.82796478271484
16-04-2019,101.80999755859376,103.5999984741211,715500,104.23999786376952,101.8499984741211,98.61762237548828
17-04-2019,97.33999633789062,101.5500030517578,813800,101.8499984741211,97.37000274658205,94.27980041503906
18-04-2019,96.80999755859376,98.02999877929688,822600,99.4499969482422,99.22000122070312,96.0710906982422
22-04-2019,98.30999755859376,98.77999877929688,600500,101.13999938964844,100.01000213623048,96.83602142333984
23-04-2019,99.54000091552734,100.23999786376952,735900,101.9499969482422,101.48999786376952,98.26904296875
24-04-2019,101.01000213623048,101.44000244140624,553300,102.31999969482422,101.7300033569336,98.50143432617188
25-04-2019,100.94000244140624,101.62999725341795,699000,102.69000244140624,102.25,99.00492095947266
26-04-2019,102.18000030517578,102.62999725341795,435300,103.9800033569336,103.94000244140624,100.64128112792967
29-04-2019,102.63999938964844,103.73999786376952,549500,104.06999969482422,103.06999969482422,99.79890441894533
30-04-2019,102.55999755859376,102.9800033569336,691200,104.69000244140624,104.51000213623048,101.1932144165039
01-05-2019,104.0199966430664,104.51000213623048,657800,105.37000274658205,104.4499969482422,101.1351089477539
02-05-2019,103.62000274658205,104.12999725341795,934800,105.83999633789062,105.73999786376952,102.38417053222656
03-05-2019,110.2300033569336,112.05999755859376,1332300,114.9000015258789,112.68000030517578,109.10391235351562
06-05-2019,110.3499984741211,111.33000183105467,1049100,112.7300033569336,112.62999725341795,109.05549621582033
07-05-2019,111.68000030517578,111.91999816894533,830500,112.98999786376952,112.33999633789062,108.77469635009766
08-05-2019,110.4499969482422,111.93000030517578,631200,112.20999908447266,111.41999816894533,108.24040985107422
09-05-2019,109.5199966430664,110.5999984741211,504400,112.19000244140624,112.0500030517578,108.85242462158205
10-05-2019,109.05999755859376,111.48999786376952,475200,112.51000213623048,112.08999633789062,108.89128112792967
13-05-2019,109.0999984741211,110.41999816894533,661100,111.27999877929688,110.8499984741211,107.68666076660156
14-05-2019,110.76000213623048,111.2300033569336,404700,112.76000213623048,112.05999755859376,108.86214447021484
15-05-2019,110.97000122070312,111.6999969482422,520100,113.04000091552734,112.81999969482422,109.60044860839844
16-05-2019,112.68000030517578,112.88999938964844,521200,114.6500015258789,113.43000030517578,110.19302368164062
17-05-2019,112.13999938964844,112.13999938964844,627200,114.16000366210938,112.77999877929688,109.56159210205078
20-05-2019,111.6500015258789,112.5199966430664,379700,112.8000030517578,112.05999755859376,108.86214447021484
21-05-2019,112.0,112.70999908447266,265300,113.37999725341795,112.48999786376952,109.27986907958984
22-05-2019,112.08999633789062,112.45999908447266,378500,113.29000091552734,113.12000274658205,109.89189910888672
23-05-2019,111.2699966430664,112.25,698600,112.87999725341795,112.73999786376952,109.52272033691406
24-05-2019,112.55999755859376,112.8499984741211,396300,114.36000061035156,113.88999938964844,110.63992309570312
28-05-2019,113.3499984741211,114.48999786376952,1266100,115.55999755859376,113.37999725341795,110.14447021484376
29-05-2019,111.58000183105467,113.06999969482422,439700,113.33000183105467,112.16999816894533,108.968994140625
30-05-2019,112.19000244140624,112.33999633789062,344600,113.6500015258789,113.3000030517578,110.06675720214844
31-05-2019,111.91000366210938,112.86000061035156,520100,114.5,114.12000274658205,110.86334991455078
03-06-2019,112.45999908447266,114.01000213623048,607600,114.80999755859376,112.76000213623048,109.54216766357422
04-06-2019,112.43000030517578,113.41999816894533,502200,114.55999755859376,114.06999969482422,110.81476593017578
05-06-2019,114.48999786376952,115.0,480400,115.52999877929688,115.12999725341795,111.84451293945312
06-06-2019,115.0199966430664,115.37000274658205,540100,117.56999969482422,116.88999938964844,113.55431365966795
07-06-2019,116.37999725341795,116.45999908447266,438800,117.9800033569336,117.4000015258789,114.04975128173828
10-06-2019,116.83999633789062,117.48999786376952,453900,118.93000030517578,118.33000183105467,114.95320129394533
11-06-2019,117.3499984741211,119.05999755859376,323500,120.0,118.19000244140624,114.81719207763672
12-06-2019,118.12000274658205,118.18000030517578,465600,119.6500015258789,119.52999877929688,116.11896514892578
13-06-2019,118.5999984741211,119.5,285700,119.9800033569336,119.44000244140624,116.0315399169922
14-06-2019,117.7699966430664,119.27999877929688,597600,119.58000183105467,118.08999633789062,114.72006225585938
17-06-2019,118.20999908447266,118.44000244140624,479800,119.27999877929688,118.5,115.11835479736328
18-06-2019,118.9800033569336,119.5,484000,119.80999755859376,119.62999725341795,116.21610260009766
19-06-2019,119.77999877929688,119.8499984741211,654000,121.0,120.54000091552734,117.1001434326172
20-06-2019,121.4000015258789,121.86000061035156,632300,123.33000183105467,123.2699966430664,119.75223541259766
21-06-2019,119.91000366210938,122.36000061035156,1102400,122.41000366210938,120.06999969482422,116.64354705810548
24-06-2019,119.6999969482422,120.0,455100,121.25,121.16999816894533,117.71217346191406
25-06-2019,119.61000061035156,120.86000061035156,692900,121.38999938964844,119.88999938964844,116.46868896484376
26-06-2019,118.0,120.05999755859376,427100,120.4000015258789,119.5,116.08981323242188
27-06-2019,119.4499969482422,119.91000366210938,303200,120.77999877929688,120.5999984741211,117.158447265625
28-06-2019,120.36000061035156,120.5999984741211,802100,122.0999984741211,122.02999877929688,118.54762268066406
01-07-2019,122.02999877929688,123.16999816894533,539700,123.83000183105467,123.76000213623048,120.22826385498048
02-07-2019,122.62999725341795,123.62999725341795,437100,123.73999786376952,123.37000274658205,119.84938049316406
03-07-2019,123.08999633789062,123.62000274658205,378700,124.7300033569336,123.87999725341795,120.34483337402344
05-07-2019,122.66000366210938,123.37999725341795,316500,124.68000030517578,124.33000183105467,120.78199768066406
08-07-2019,123.2300033569336,123.7300033569336,523100,124.4000015258789,123.80999755859376,120.27684020996094
09-07-2019,122.76000213623048,123.0999984741211,539600,124.08000183105467,124.0199966430664,120.48081970214844
10-07-2019,123.9499969482422,124.4000015258789,367100,124.94000244140624,124.0,120.46138763427734
11-07-2019,123.77999877929688,124.7300033569336,501600,124.9000015258789,124.72000122070312,121.16085052490234
12-07-2019,123.19000244140624,124.5,398300,124.61000061035156,124.38999938964844,120.84027099609376
15-07-2019,123.63999938964844,124.5,536600,124.8499984741211,123.75,120.21854400634766
16-07-2019,122.75,123.94000244140624,411500,124.1500015258789,123.37000274658205,119.84938049316406
17-07-2019,122.23999786376952,122.7699966430664,440800,124.41000366210938,123.77999877929688,120.24768829345705
18-07-2019,123.8000030517578,123.94000244140624,383400,125.31999969482422,124.76000213623048,121.19971466064452
19-07-2019,123.41000366210938,125.22000122070312,444600,125.79000091552734,123.45999908447266,119.9368133544922
22-07-2019,123.29000091552734,123.86000061035156,502200,124.7300033569336,123.63999938964844,120.11167907714844
23-07-2019,121.91000366210938,123.25,400500,124.05999755859376,123.83000183105467,120.29624938964844
24-07-2019,123.02999877929688,124.01000213623048,497400,125.5,125.45999908447266,121.87973022460938
25-07-2019,123.2699966430664,124.8499984741211,528500,124.91000366210938,123.83999633789062,120.3059539794922
26-07-2019,125.58000183105467,130.0,1198300,132.8800048828125,126.87000274658205,123.24951171875
29-07-2019,126.62000274658205,128.5800018310547,833400,129.52000427246094,129.41000366210938,125.7170181274414
30-07-2019,129.13999938964844,129.13999938964844,595800,131.5800018310547,130.22000122070312,126.50391387939452
31-07-2019,127.54000091552734,130.16000366210938,556600,130.77000427246094,128.6999969482422,125.02725982666016
01-08-2019,129.14999389648438,129.72000122070312,706600,133.1699981689453,131.5500030517578,127.79597473144533
02-08-2019,129.1300048828125,132.58999633789062,499500,132.8699951171875,130.27999877929688,126.56217956542967
05-08-2019,125.7699966430664,129.3000030517578,770000,129.32000732421875,126.9000015258789,123.27864837646484
06-08-2019,126.8499984741211,127.56999969482422,496100,129.5399932861328,129.42999267578125,125.7364501953125
07-08-2019,125.62000274658205,127.3000030517578,555400,129.52999877929688,129.0,125.31871795654295
08-08-2019,128.49000549316406,128.77000427246094,479300,131.6199951171875,131.41000366210938,127.65994262695312
09-08-2019,130.22999572753906,131.0,492600,132.14999389648438,131.39999389648438,127.65022277832033
12-08-2019,131.1300048828125,131.3699951171875,432700,132.8699951171875,131.61000061035156,127.85425567626952
13-08-2019,131.14999389648438,131.14999389648438,535900,135.4499969482422,134.99000549316406,131.1377716064453
14-08-2019,131.0399932861328,133.41000366210938,490400,134.74000549316406,131.14999389648438,127.77651977539062
15-08-2019,130.69000244140625,131.1199951171875,322800,132.88999938964844,132.3300018310547,128.9261474609375
16-08-2019,132.8300018310547,133.25999450683594,572200,134.6300048828125,134.44000244140625,130.9818878173828
19-08-2019,135.17999267578125,135.6699981689453,541100,136.25,136.0,132.50177001953125
20-08-2019,135.22999572753906,136.3699951171875,539100,136.88999938964844,135.32000732421875,131.83926391601562
21-08-2019,135.85000610351562,136.11000061035156,280300,137.3800048828125,136.55999755859375,133.04737854003906
22-08-2019,134.8300018310547,136.75999450683594,319700,137.07000732421875,136.0399932861328,132.5407257080078
23-08-2019,131.35000610351562,135.97000122070312,528800,136.19000244140625,132.17999267578125,128.78001403808594
26-08-2019,132.67999267578125,133.25,355200,135.1699981689453,135.1199951171875,131.64439392089844
27-08-2019,134.72999572753906,135.52999877929688,364000,136.6300048828125,135.97999572753906,132.48228454589844
28-08-2019,135.6300048828125,135.6300048828125,354700,137.1199951171875,137.02999877929688,133.50527954101562
29-08-2019,136.91000366210938,138.0,383700,138.80999755859375,138.3800048828125,134.82054138183594
30-08-2019,137.47000122070312,139.2100067138672,619600,139.75999450683594,139.3000030517578,135.7168731689453
03-09-2019,136.57000732421875,138.11000061035156,411400,138.5500030517578,137.77000427246094,134.2262725830078
04-09-2019,137.17999267578125,138.60000610351562,378700,138.99000549316406,137.8300018310547,134.28469848632812
05-09-2019,138.0800018310547,139.2100067138672,476600,140.60000610351562,140.3300018310547,136.7203826904297
06-09-2019,139.60000610351562,140.6999969482422,431100,141.25,140.3000030517578,136.69113159179688
09-09-2019,134.86000061035156,140.07000732421875,625700,140.07000732421875,135.11000061035156,131.63467407226562
10-09-2019,130.75,134.10000610351562,632200,134.72000122070312,134.36000061035156,130.9039306640625
11-09-2019,132.77000427246094,133.41000366210938,625600,135.22000122070312,133.69000244140625,130.25119018554688
12-09-2019,133.7899932861328,134.9499969482422,683800,136.1999969482422,133.9600067138672,130.5142364501953
13-09-2019,131.24000549316406,133.72000122070312,637600,133.7899932861328,132.19000244140625,128.78976440429688
16-09-2019,130.52999877929688,131.6300048828125,587900,132.75999450683594,130.7100067138672,127.34783935546876
17-09-2019,131.14999389648438,131.39999389648438,731100,134.3699951171875,133.92999267578125,130.48500061035156
18-09-2019,131.05999755859375,133.89999389648438,717100,134.0399932861328,132.5800018310547,129.16978454589844
19-09-2019,132.39999389648438,133.00999450683594,580000,134.08999633789062,133.50999450683594,130.07582092285156
20-09-2019,132.3000030517578,133.41000366210938,758600,135.10000610351562,134.52999877929688,131.069580078125
23-09-2019,134.27000427246094,134.47000122070312,578800,136.66000366210938,135.50999450683594,132.02438354492188
24-09-2019,135.2899932861328,136.42999267578125,445600,137.92999267578125,135.6199951171875,132.13153076171875
25-09-2019,134.75999450683594,136.1199951171875,325200,136.2899932861328,136.00999450683594,132.511474609375
26-09-2019,134.42999267578125,136.5800018310547,358400,136.61000061035156,134.61000061035156,131.14755249023438
27-09-2019,133.07000732421875,134.8300018310547,400400,135.5399932861328,133.60000610351562,130.16351318359375
30-09-2019,133.67999267578125,134.13999938964844,460700,136.22999572753906,135.11000061035156,131.63467407226562
01-10-2019,132.94000244140625,135.1300048828125,510400,135.8800048828125,133.58999633789062,130.15374755859375
02-10-2019,128.07000732421875,132.58999633789062,593900,133.1300048828125,128.8800048828125,125.5649185180664
03-10-2019,127.4000015258789,128.6199951171875,664000,130.52999877929688,130.2899932861328,126.93863677978516
04-10-2019,130.85000610351562,131.3300018310547,343800,132.44000244140625,132.39999389648438,128.99432373046875
07-10-2019,131.6300048828125,131.72999572753906,355100,132.9600067138672,132.17999267578125,128.78001403808594
08-10-2019,129.83999633789062,131.52000427246094,427100,131.77000427246094,130.22999572753906,126.88018035888672
09-10-2019,131.63999938964844,131.8000030517578,322100,132.64999389648438,132.17999267578125,128.78001403808594
10-10-2019,128.88999938964844,131.55999755859375,483200,131.55999755859375,130.47000122070312,127.114013671875
11-10-2019,129.58999633789062,130.99000549316406,515800,131.86000061035156,129.66000366210938,126.32487487792967
14-10-2019,128.99000549316406,129.9499969482422,351200,130.19000244140625,129.22000122070312,125.89616394042967
15-10-2019,129.8699951171875,130.00999450683594,419600,131.02999877929688,130.4499969482422,127.0945281982422
16-10-2019,130.33999633789062,131.5800018310547,624600,132.0,131.16000366210938,127.78627014160156
17-10-2019,131.1999969482422,131.1999969482422,407900,132.72000122070312,131.6300048828125,128.2441864013672
18-10-2019,129.9499969482422,130.99000549316406,492300,131.9199981689453,131.2100067138672,127.83499145507812
21-10-2019,130.1199951171875,131.80999755859375,477100,131.8300018310547,130.52000427246094,127.1627197265625
22-10-2019,126.31999969482422,131.08999633789062,538900,131.4600067138672,126.5199966430664,123.26561737060548
23-10-2019,126.26000213623048,127.0,385000,127.8000030517578,126.73999786376952,123.4799575805664
24-10-2019,126.41999816894533,127.4499969482422,514800,129.24000549316406,127.7300033569336,124.44449615478516
25-10-2019,141.2899932861328,145.0,1638800,147.3699951171875,144.25999450683594,140.54931640625
28-10-2019,141.72999572753906,144.11000061035156,795400,145.58999633789062,145.4499969482422,141.7086944580078
29-10-2019,144.00999450683594,145.0,583300,147.6300048828125,146.67999267578125,142.9070587158203
30-10-2019,145.36000061035156,145.97000122070312,463400,147.89999389648438,147.22999572753906,143.44290161132812
31-10-2019,146.9199981689453,147.27000427246094,704900,148.97000122070312,147.9199981689453,144.1151580810547
01-11-2019,147.3800048828125,148.9199981689453,455200,149.9600067138672,147.42999267578125,143.6377716064453
04-11-2019,146.14999389648438,147.85000610351562,587400,148.77999877929688,147.49000549316406,143.6962127685547
05-11-2019,144.0800018310547,147.5,557500,147.5,144.3800048828125,140.66622924804688
06-11-2019,142.77999877929688,143.74000549316406,445200,144.47000122070312,143.25,139.9432830810547
07-11-2019,141.3800048828125,143.77999877929688,731200,143.97000122070312,142.17999267578125,138.89796447753906
08-11-2019,141.80999755859375,141.80999755859375,382400,144.6999969482422,143.85000610351562,140.5294647216797
11-11-2019,143.07000732421875,143.60000610351562,236700,145.13999938964844,143.8800048828125,140.5587615966797
12-11-2019,143.36000061035156,143.60000610351562,325200,145.75,144.14999389648438,140.822509765625
13-11-2019,143.3699951171875,143.82000732421875,340200,145.57000732421875,145.27999877929688,141.9264373779297
14-11-2019,145.0,145.4600067138672,314200,146.00999450683594,145.4199981689453,142.06321716308594
15-11-2019,145.60000610351562,145.60000610351562,545900,147.3800048828125,147.10000610351562,143.70443725585938
18-11-2019,146.57000732421875,146.6999969482422,451800,148.49000549316406,147.77999877929688,144.36874389648438
19-11-2019,148.0,148.5800018310547,401000,149.94000244140625,149.38999938964844,145.9415740966797
20-11-2019,148.1300048828125,148.63999938964844,459800,151.4600067138672,149.63999938964844,146.185791015625
21-11-2019,145.75,148.97999572753906,614600,148.97999572753906,146.33999633789062,142.9619903564453
22-11-2019,144.55999755859375,146.6300048828125,586000,146.6300048828125,145.25,141.89712524414062
25-11-2019,145.00999450683594,145.0800018310547,392800,146.94000244140625,146.30999755859375,142.9326629638672
26-11-2019,146.67999267578125,147.42999267578125,1260000,149.75999450683594,149.5800018310547,146.12718200683594
27-11-2019,149.14999389648438,149.9499969482422,420100,151.13999938964844,150.8300018310547,147.34832763671875
29-11-2019,148.83999633789062,150.60000610351562,255700,151.3000030517578,149.60000610351562,146.146728515625
02-12-2019,147.72999572753906,149.88999938964844,330300,149.94000244140625,149.00999450683594,145.57032775878906
03-12-2019,147.1699981689453,147.38999938964844,625600,150.0,149.47000122070312,146.0196990966797
04-12-2019,148.85000610351562,149.4600067138672,511700,150.55999755859375,150.14999389648438,146.68402099609375
05-12-2019,149.38999938964844,150.2899932861328,516700,150.57000732421875,150.17999267578125,146.71331787109375
06-12-2019,150.47999572753906,151.4600067138672,307400,151.60000610351562,150.58999633789062,147.11386108398438
09-12-2019,149.0399932861328,150.83999633789062,391200,151.33999633789062,149.32000732421875,145.87319946289062
10-12-2019,148.55999755859375,149.6300048828125,321600,149.9199981689453,148.97999572753906,145.54098510742188
11-12-2019,148.6199951171875,149.11000061035156,416800,150.5500030517578,150.47999572753906,147.0064239501953
12-12-2019,150.3699951171875,150.8000030517578,453500,152.52999877929688,152.25,148.73553466796875
13-12-2019,151.30999755859375,151.42999267578125,584300,153.9600067138672,153.6300048828125,150.08370971679688
16-12-2019,154.25999450683594,154.7100067138672,1021700,156.1999969482422,156.0,152.39898681640625
17-12-2019,154.52000427246094,156.47999572753906,512500,156.74000549316406,156.47999572753906,152.86788940429688
18-12-2019,155.07000732421875,156.66000366210938,766200,157.25,156.02000427246094,152.41851806640625
19-12-2019,155.13999938964844,156.64999389648438,466600,156.6699981689453,156.0399932861328,152.43804931640625
20-12-2019,155.55999755859375,157.36000061035156,1102200,157.86000061035156,155.92999267578125,152.33059692382812
23-12-2019,155.0,155.52999877929688,409100,156.4199981689453,155.69000244140625,152.09616088867188
24-12-2019,154.89999389648438,155.66000366210938,120900,156.92999267578125,156.6999969482422,153.08282470703125
26-12-2019,155.07000732421875,156.66000366210938,253600,156.66000366210938,155.7899932861328,152.19383239746094
27-12-2019,155.08999633789062,156.22999572753906,308900,156.3800048828125,156.1999969482422,152.59434509277344
30-12-2019,154.16000366210938,156.2100067138672,288000,156.69000244140625,154.58999633789062,151.0215301513672
31-12-2019,153.57000732421875,154.22000122070312,503100,155.16000366210938,154.97000122070312,151.39276123046875
02-01-2020,154.0399932861328,155.39999389648438,444200,156.1699981689453,156.11000061035156,152.50643920898438
03-01-2020,153.1199951171875,154.08999633789062,417200,155.94000244140625,155.2899932861328,151.7053680419922
06-01-2020,153.85000610351562,154.9600067138672,449100,156.1199951171875,156.02999877929688,152.42828369140625
07-01-2020,154.72999572753906,155.00999450683594,351400,156.08999633789062,155.14999389648438,151.56858825683594
08-01-2020,154.17999267578125,155.72999572753906,474800,157.5,156.27000427246094,152.66275024414062
09-01-2020,156.57000732421875,157.0800018310547,444700,158.42999267578125,157.5800018310547,153.9425048828125
10-01-2020,155.8699951171875,158.0,392900,158.4600067138672,156.88999938964844,153.2684326171875
13-01-2020,156.4499969482422,157.39999389648438,383600,158.5800018310547,158.27000427246094,154.61659240722656
14-01-2020,156.9499969482422,157.47999572753906,312100,158.4199981689453,158.32000732421875,154.66542053222656
15-01-2020,157.89999389648438,158.42999267578125,408900,159.72999572753906,158.72000122070312,155.0562286376953
16-01-2020,158.1999969482422,159.52000427246094,725300,160.75,160.72999572753906,157.01979064941406
17-01-2020,160.24000549316406,160.97999572753906,475800,161.97999572753906,160.57000732421875,156.8634796142578
21-01-2020,160.00999450683594,160.38999938964844,506500,162.30999755859375,161.94000244140625,158.20187377929688
22-01-2020,161.83999633789062,162.89999389648438,386300,165.0,164.3800048828125,160.58554077148438
23-01-2020,160.88999938964844,163.55999755859375,531900,164.1300048828125,161.38999938964844,157.66458129882812
24-01-2020,160.80999755859375,161.52999877929688,549500,163.10000610351562,162.38999938964844,158.6414794921875
27-01-2020,159.57000732421875,160.0,444000,161.8000030517578,160.6199951171875,156.91232299804688
28-01-2020,161.24000549316406,161.24000549316406,533600,164.4199981689453,163.3000030517578,159.5304718017578
29-01-2020,164.11000061035156,164.13999938964844,571600,167.0500030517578,165.83999633789062,162.0118408203125
30-01-2020,162.99000549316406,164.30999755859375,619500,165.52000427246094,165.44000244140625,161.62107849121094
31-01-2020,158.16000366210938,164.3800048828125,1157500,166.02999877929688,158.97000122070312,155.3004150390625
03-02-2020,159.22999572753906,159.4600067138672,735000,163.99000549316406,163.13999938964844,159.3741912841797
04-02-2020,164.9199981689453,165.44000244140625,708700,167.64999389648438,166.85000610351562,162.99853515625
05-02-2020,166.9600067138672,168.30999755859375,555800,169.0500030517578,167.74000549316406,163.86798095703125
06-02-2020,167.1300048828125,168.17999267578125,379400,170.57000732421875,170.50999450683594,166.57403564453125
07-02-2020,168.75999450683594,170.25,465100,171.63999938964844,171.4600067138672,167.5021209716797
10-02-2020,170.82000732421875,171.07000732421875,487500,173.2899932861328,173.19000244140625,169.19219970703125
11-02-2020,173.0399932861328,174.17999267578125,356700,174.89999389648438,174.35000610351562,170.3253936767578
12-02-2020,172.47000122070312,173.50999450683594,555100,174.72999572753906,172.75999450683594,169.15049743652344
13-02-2020,172.27999877929688,172.58999633789062,497800,175.16000366210938,174.8800048828125,171.2261962890625
14-02-2020,173.9499969482422,175.0500030517578,318300,176.6999969482422,176.60000610351562,172.91024780273438
18-02-2020,174.17999267578125,176.13999938964844,637500,176.86000061035156,174.8000030517578,171.1478729248047
19-02-2020,175.02000427246094,175.52999877929688,378000,177.99000549316406,176.6199951171875,172.92984008789062
20-02-2020,172.50999450683594,176.39999389648438,290700,176.52999877929688,176.0,172.32278442382812
21-02-2020,173.5399932861328,175.3699951171875,448200,175.6999969482422,173.8800048828125,170.2470703125
24-02-2020,168.25999450683594,169.9199981689453,436900,171.4499969482422,169.8300018310547,166.28170776367188
25-02-2020,164.7899932861328,170.25,434900,170.89999389648438,165.80999755859375,162.3456573486328
26-02-2020,165.5500030517578,165.9600067138672,479600,169.72000122070312,165.9199981689453,162.45339965820312
27-02-2020,162.66000366210938,164.02999877929688,632600,168.0500030517578,162.72000122070312,159.32025146484375
28-02-2020,153.02999877929688,158.85000610351562,1247600,160.14999389648438,158.9600067138672,155.63880920410156
02-03-2020,160.0500030517578,160.5,1258700,168.91000366210938,168.75,165.22425842285156
03-03-2020,162.63999938964844,168.67999267578125,918800,171.91000366210938,165.24000549316406,161.7876434326172
04-03-2020,167.52000427246094,168.3000030517578,1098300,175.25999450683594,174.82000732421875,171.16744995117188
05-03-2020,168.16000366210938,172.16000366210938,975500,172.8699951171875,170.75,167.18247985839844
06-03-2020,161.42999267578125,166.99000549316406,937300,168.00999450683594,166.0800018310547,162.61004638671875
09-03-2020,151.61000061035156,156.5,732100,158.0,154.5,151.27198791503906
10-03-2020,152.88999938964844,158.17999267578125,1186000,161.94000244140625,161.7100067138672,158.3313751220703
11-03-2020,150.5,157.52999877929688,757500,159.08999633789062,153.61000061035156,150.40057373046875
12-03-2020,135.91000366210938,143.77000427246094,1269500,147.6300048828125,136.1199951171875,133.27601623535156
13-03-2020,136.24000549316406,145.0,1230900,149.7899932861328,149.72999572753906,146.60165405273438
16-03-2020,134.10000610351562,137.49000549316406,1183600,146.2100067138672,137.92999267578125,135.04815673828125
17-03-2020,135.58999633789062,140.3000030517578,1943900,162.3000030517578,161.42999267578125,158.0572052001953
18-03-2020,146.22999572753906,146.75999450683594,1806600,158.80999755859375,151.75,148.5794677734375
19-03-2020,134.80999755859375,144.0399932861328,1567200,148.99000549316406,136.10000610351562,133.25643920898438
20-03-2020,113.43000030517578,134.49000549316406,1948000,135.3800048828125,114.33999633789062,111.9510498046875
23-03-2020,108.8499984741211,113.0,1427800,126.02999877929688,121.36000061035156,118.82440185546876
24-03-2020,124.58000183105467,127.45999908447266,1398200,135.85000610351562,135.05999755859375,132.23812866210938
25-03-2020,132.52000427246094,134.3300018310547,877900,140.52000427246094,135.7100067138672,132.8745574951172
26-03-2020,135.02999877929688,135.5399932861328,1020800,146.77000427246094,146.52000427246094,143.45870971679688
27-03-2020,136.0,139.25,885700,145.99000549316406,141.9499969482422,138.98422241210938
30-03-2020,143.0,143.27999877929688,1035000,156.22999572753906,154.2100067138672,150.98806762695312
31-03-2020,145.6300048828125,153.60000610351562,1281800,155.38999938964844,147.2899932861328,144.212646484375
01-04-2020,138.16000366210938,140.72999572753906,974000,145.3800048828125,142.2899932861328,139.31710815429688
02-04-2020,140.2899932861328,140.49000549316406,955000,150.6300048828125,150.1300048828125,146.99331665039062
03-04-2020,147.0,148.0,1262600,155.0,152.97000122070312,149.77398681640625
06-04-2020,155.58999633789062,157.99000549316406,822100,159.2899932861328,158.3000030517578,154.9925994873047
07-04-2020,152.41000366210938,159.27999877929688,1044600,159.8300018310547,153.67999267578125,150.46908569335938
08-04-2020,149.60000610351562,155.00999450683594,691600,156.32000732421875,155.16000366210938,151.91822814941406
09-04-2020,149.6999969482422,150.49000549316406,936600,160.6199951171875,159.82000732421875,156.48086547851562
13-04-2020,154.13999938964844,158.30999755859375,471000,159.0,157.19000244140625,153.9058074951172
14-04-2020,160.10000610351562,160.6699981689453,571800,164.58999633789062,163.6699981689453,160.25039672851562
15-04-2020,157.9499969482422,159.02999877929688,609200,161.32000732421875,160.1699981689453,156.8235321044922
16-04-2020,160.1999969482422,161.8699951171875,542900,163.83999633789062,161.32000732421875,157.9495086669922
17-04-2020,160.50999450683594,164.38999938964844,754100,165.35000610351562,165.16000366210938,161.7092742919922
20-04-2020,161.8300018310547,163.3000030517578,689800,165.9499969482422,164.27999877929688,160.84765625
21-04-2020,156.5,160.9600067138672,426100,161.5,157.35000610351562,154.0624542236328
22-04-2020,157.1699981689453,160.13999938964844,409800,161.92999267578125,160.9199981689453,157.55784606933594
23-04-2020,158.61000061035156,161.58999633789062,541900,162.52999877929688,158.72999572753906,155.41358947753906
24-04-2020,158.66000366210938,161.39999389648438,483400,161.88999938964844,161.0,157.63621520996094
27-04-2020,160.1699981689453,163.11000061035156,634600,163.8000030517578,162.77000427246094,159.3692169189453
28-04-2020,156.77999877929688,164.0,627600,164.1199951171875,158.22000122070312,154.91427612304688
29-04-2020,156.1199951171875,160.0800018310547,619100,160.82000732421875,156.30999755859375,153.044189453125
30-04-2020,152.27000427246094,155.0,912100,156.32000732421875,155.32000732421875,152.0748748779297
01-05-2020,156.82000732421875,157.0,1267800,164.0,159.07000732421875,155.74652099609375
04-05-2020,153.1199951171875,159.02000427246094,939800,159.33999633789062,154.77999877929688,151.54617309570312
05-05-2020,154.27000427246094,155.32000732421875,880400,162.8699951171875,159.41000366210938,156.07940673828125
06-05-2020,159.3300018310547,160.05999755859375,564400,163.22000122070312,159.92999267578125,156.58853149414062
07-05-2020,160.0399932861328,161.7100067138672,493900,162.7899932861328,160.6999969482422,157.3424530029297
08-05-2020,160.88999938964844,161.91000366210938,543100,165.47000122070312,162.75,159.34963989257812
11-05-2020,160.9600067138672,160.9600067138672,1128300,171.69000244140625,169.27999877929688,165.74319458007812
12-05-2020,167.14999389648438,170.5,648400,172.05999755859375,167.14999389648438,163.65769958496094
13-05-2020,162.0,166.25999450683594,590600,168.66000366210938,164.3699951171875,161.31216430664062
14-05-2020,158.75,162.5399932861328,518600,164.41000366210938,162.9600067138672,159.9283905029297
15-05-2020,161.16000366210938,162.0500030517578,405400,165.72000122070312,164.1199951171875,161.06678771972656
18-05-2020,165.49000549316406,166.5,590500,169.64999389648438,167.1699981689453,164.06007385253906
19-05-2020,162.0,166.66000366210938,516800,168.67999267578125,162.57000732421875,159.54563903808594
20-05-2020,161.4600067138672,164.41000366210938,645100,165.0399932861328,161.75999450683594,158.7506866455078
21-05-2020,158.08999633789062,161.2100067138672,472000,161.32000732421875,160.67999267578125,157.6907958984375
22-05-2020,159.75999450683594,161.13999938964844,426200,163.07000732421875,161.35000610351562,158.34832763671875
26-05-2020,159.6199951171875,164.33999633789062,761700,164.77999877929688,160.47999572753906,157.49453735351562
27-05-2020,149.16000366210938,159.3000030517578,1016100,159.74000549316406,153.7100067138672,150.85047912597656
28-05-2020,154.1999969482422,154.97000122070312,541100,160.4199981689453,158.82000732421875,155.8654022216797
29-05-2020,157.08999633789062,161.0,943500,161.60000610351562,160.82000732421875,157.82821655273438
01-06-2020,159.25,160.1300048828125,472400,162.8699951171875,161.1199951171875,158.1226043701172
02-06-2020,157.05999755859375,161.0,512600,161.0,159.75999450683594,156.7878875732422
03-06-2020,158.8800048828125,160.30999755859375,516100,162.47999572753906,161.80999755859375,158.79978942871094
04-06-2020,159.49000549316406,160.6999969482422,819400,164.3000030517578,160.80999755859375,157.818359375
05-06-2020,159.1699981689453,161.80999755859375,718400,165.69000244140625,160.83999633789062,157.84783935546875
08-06-2020,156.57000732421875,159.00999450683594,674500,162.8699951171875,162.8300018310547,159.80084228515625
09-06-2020,161.14999389648438,162.67999267578125,423400,164.02999877929688,161.49000549316406,158.48574829101562
10-06-2020,162.47000122070312,162.74000549316406,758800,167.9499969482422,166.5,163.4025421142578
11-06-2020,157.0800018310547,164.69000244140625,774400,165.57000732421875,158.1999969482422,155.25694274902344
12-06-2020,158.72999572753906,162.9199981689453,799500,165.8800048828125,160.69000244140625,157.7006072998047
15-06-2020,157.77999877929688,158.7899932861328,587700,164.08999633789062,163.75,160.70370483398438
16-06-2020,165.39999389648438,167.0,877700,170.30999755859375,168.99000549316406,165.84622192382812
17-06-2020,169.77000427246094,170.0,766700,173.58999633789062,172.39999389648438,169.1927490234375
18-06-2020,172.85000610351562,173.1199951171875,659900,176.58999633789062,173.74000549316406,170.5078582763672
19-06-2020,172.1199951171875,176.42999267578125,1090000,177.0,172.72000122070312,169.50682067871094
22-06-2020,174.25999450683594,176.5,930800,180.13999938964844,179.11000061035156,175.77792358398438
23-06-2020,179.47999572753906,180.4499969482422,733600,183.8999938964844,181.9499969482422,178.56512451171875
24-06-2020,178.5500030517578,180.83999633789065,828700,183.72999572753903,181.8600006103516,178.47677612304688
25-06-2020,180.7400054931641,182.0,817900,187.00999450683597,186.3000030517578,182.8341827392578
26-06-2020,185.0,186.42999267578125,1534400,189.05999755859372,185.6300048828125,182.1766662597656
29-06-2020,184.13999938964844,186.3500061035156,684000,188.3999938964844,188.32000732421875,184.81661987304688
30-06-2020,188.0399932861328,188.0399932861328,698500,193.1999969482422,192.0,188.4281768798828
01-07-2020,186.30999755859372,190.1499938964844,963800,191.5500030517578,190.8600006103516,187.3093414306641
02-07-2020,191.6199951171875,192.2899932861328,623100,193.91000366210935,192.47999572753903,188.8992156982422
06-07-2020,192.6100006103516,195.13999938964844,619000,197.3800048828125,193.6199951171875,190.01800537109372
07-07-2020,191.3000030517578,193.3300018310547,545400,195.7700042724609,191.47000122070312,187.9079742431641
08-07-2020,190.08999633789065,192.33999633789065,478000,193.67999267578125,192.72000122070312,189.1347503662109
09-07-2020,189.55999755859372,193.4600067138672,424600,195.08999633789065,193.69000244140625,190.0867156982422
10-07-2020,190.8300018310547,193.83999633789065,391200,195.3600006103516,192.08999633789065,188.51646423339844
13-07-2020,187.22000122070312,192.92999267578125,559000,194.97999572753903,188.08999633789065,184.59088134765625
14-07-2020,187.4499969482422,187.91000366210935,544300,195.5,195.0399932861328,191.41159057617188
15-07-2020,194.8600006103516,196.97999572753903,523400,198.44000244140625,197.5500030517578,193.8748779296875
16-07-2020,192.9900054931641,196.83999633789065,375700,196.88999938964844,195.82000732421875,192.1770782470703
17-07-2020,196.7700042724609,197.22000122070312,517100,200.2700042724609,199.0,195.29791259765625
20-07-2020,198.6499938964844,199.42999267578125,379800,203.58999633789065,203.00999450683597,199.23329162597656
21-07-2020,201.77999877929688,203.72999572753903,525100,204.9900054931641,204.3999938964844,200.59747314453125
22-07-2020,203.3600006103516,205.0,511800,205.8999938964844,205.3300018310547,201.5101623535156
23-07-2020,203.05999755859372,205.97999572753903,430500,209.0,204.05999755859372,200.2637939453125
24-07-2020,199.5,203.42999267578125,358900,203.42999267578125,202.44000244140625,198.67393493652344
27-07-2020,203.5200042724609,203.69000244140625,368100,207.0399932861328,205.6300048828125,201.8045654296875
28-07-2020,202.1000061035156,205.0399932861328,345600,205.5,202.22999572753903,198.46783447265625
29-07-2020,202.6499938964844,203.6499938964844,578700,205.3999938964844,204.1000061035156,200.3030548095703
30-07-2020,201.33999633789065,201.5399932861328,537500,204.7899932861328,204.4600067138672,200.65635681152344
31-07-2020,200.80999755859372,205.52999877929688,659500,206.1699981689453,202.50999450683597,198.74261474609372
03-08-2020,200.0,200.0,745400,203.3000030517578,202.0,198.2421112060547
04-08-2020,200.72999572753903,201.9600067138672,802400,203.83999633789065,202.7700042724609,198.99777221679688
05-08-2020,202.6499938964844,203.47000122070312,961800,205.27999877929688,202.9600067138672,199.18426513671875
06-08-2020,173.33999633789062,190.0,2215000,190.22999572753903,175.52000427246094,172.25474548339844
07-08-2020,172.75,176.60000610351562,1257300,178.2100067138672,173.24000549316406,170.0171661376953
10-08-2020,173.36000061035156,175.0,1004500,176.74000549316406,175.14999389648438,171.8916015625
11-08-2020,171.69000244140625,174.8699951171875,789100,175.63999938964844,172.97999572753906,169.761962890625
12-08-2020,173.75,174.0,829700,177.3699951171875,175.83999633789062,172.56875610351562
13-08-2020,173.94000244140625,175.72999572753906,425400,178.07000732421875,177.50999450683594,174.20770263671875
14-08-2020,176.50999450683594,177.3000030517578,468700,178.22000122070312,176.77999877929688,173.4912872314453
17-08-2020,177.5500030517578,177.5500030517578,986700,183.25,183.1999969482422,179.7918701171875
18-08-2020,179.7899932861328,183.1999969482422,606500,183.72000122070312,183.02999877929688,179.62501525878906
19-08-2020,182.1000061035156,183.63999938964844,674300,185.1699981689453,183.42999267578125,180.40196228027344
20-08-2020,180.6000061035156,182.1300048828125,505000,183.5,180.97000122070312,177.9825897216797
21-08-2020,177.67999267578125,180.88999938964844,608600,180.91000366210935,179.3699951171875,176.4090118408203
24-08-2020,174.63999938964844,180.8600006103516,717900,181.30999755859372,176.4199981689453,173.5076904296875
25-08-2020,176.25999450683594,177.49000549316406,556500,179.16000366210938,179.08999633789062,176.13360595703125
26-08-2020,175.9600067138672,178.1300048828125,366100,180.4600067138672,180.0800018310547,177.1072540283203
27-08-2020,177.80999755859375,180.17999267578125,372500,181.19000244140625,180.67999267578125,177.69737243652344
28-08-2020,178.3800048828125,180.6000061035156,290500,180.6199951171875,180.22999572753903,177.25479125976562
31-08-2020,177.41000366210938,179.38999938964844,587500,181.3000030517578,180.77999877929688,177.79574584960938
01-09-2020,177.24000549316406,181.0,436900,181.75999450683597,178.91000366210938,175.9565887451172
02-09-2020,179.02999877929688,180.3999938964844,628800,184.3000030517578,183.0,179.9790802001953
03-09-2020,175.27000427246094,183.3999938964844,608800,183.3999938964844,177.86000061035156,174.92391967773438
04-09-2020,169.77000427246094,176.0500030517578,476600,177.0,173.55999755859375,170.69491577148438
08-09-2020,168.9499969482422,171.02000427246094,548700,173.5800018310547,171.4199981689453,168.5902099609375
09-09-2020,173.0399932861328,173.9199981689453,445800,176.86000061035156,174.67999267578125,171.79640197753906
10-09-2020,171.4499969482422,174.7100067138672,430400,176.00999450683594,172.05999755859375,169.2196807861328
11-09-2020,170.86000061035156,173.75999450683594,365200,174.83999633789062,172.0,169.16065979003906
14-09-2020,172.91000366210938,174.10000610351562,364600,175.52000427246094,174.42999267578125,171.55055236816406
15-09-2020,175.05999755859375,175.49000549316406,396000,177.69000244140625,175.5500030517578,172.6520538330078
16-09-2020,173.1300048828125,176.9600067138672,590700,177.69000244140625,174.05999755859375,171.1866455078125
17-09-2020,171.00999450683594,172.44000244140625,476100,173.6999969482422,172.88999938964844,170.03594970703125
18-09-2020,167.7100067138672,171.75,965500,173.27000427246094,170.00999450683594,167.2034912109375
21-09-2020,165.72000122070312,168.69000244140625,714300,171.58999633789062,171.50999450683594,168.67874145507812
22-09-2020,169.6199951171875,171.3300018310547,411100,172.60000610351562,172.25999450683594,169.41636657714844
23-09-2020,168.24000549316406,172.00999450683594,442400,172.35000610351562,168.6999969482422,165.91513061523438
24-09-2020,166.49000549316406,167.8000030517578,261200,169.89999389648438,168.13999938964844,165.3643798828125
25-09-2020,166.00999450683594,166.6999969482422,893300,169.30999755859375,169.0399932861328,166.24954223632812
28-09-2020,169.85000610351562,171.0,572500,174.1999969482422,172.0,169.16065979003906
29-09-2020,171.91000366210938,172.0,340800,174.0399932861328,172.66000366210938,169.80978393554688
30-09-2020,170.60000610351562,173.0500030517578,682400,174.8300018310547,171.42999267578125,168.60006713867188
01-10-2020,168.58999633789062,172.83999633789062,505900,174.42999267578125,169.50999450683594,166.71176147460938
02-10-2020,165.9199981689453,167.52999877929688,1132800,169.3800048828125,167.5,164.7349395751953
05-10-2020,168.11000061035156,168.22000122070312,663600,171.14999389648438,170.80999755859375,167.99032592773438
06-10-2020,167.24000549316406,171.25,431900,171.63999938964844,167.64999389648438,164.88246154785156
07-10-2020,168.9199981689453,169.25,427400,171.5500030517578,170.6999969482422,167.88211059570312
08-10-2020,171.1300048828125,172.55999755859375,484100,173.6699981689453,172.6999969482422,169.84910583496094
09-10-2020,173.27000427246094,173.5,456400,176.72000122070312,176.1199951171875,173.212646484375
12-10-2020,176.47999572753906,177.6699981689453,339700,178.2899932861328,177.42999267578125,174.50100708007812
13-10-2020,176.0800018310547,177.5,387100,179.6699981689453,177.66000366210938,174.72723388671875
14-10-2020,177.3699951171875,178.0,403900,181.02999877929688,177.80999755859375,174.87472534179688
15-10-2020,174.83999633789062,175.97000122070312,393100,179.66000366210938,179.60000610351562,176.6352081298828
16-10-2020,178.80999755859375,179.6199951171875,464900,182.3500061035156,180.7899932861328,177.8055419921875
19-10-2020,178.83999633789062,181.3500061035156,425600,183.07000732421875,179.41000366210938,176.44833374023438
20-10-2020,178.83999633789062,179.75,386700,181.63999938964844,179.42999267578125,176.468017578125
21-10-2020,177.92999267578125,179.7899932861328,285200,181.3300018310547,179.1300048828125,176.17295837402344
22-10-2020,178.99000549316406,179.1300048828125,403300,183.5500030517578,182.82000732421875,179.8020477294922
23-10-2020,181.02999877929688,182.5200042724609,305000,183.6999969482422,183.02999877929688,180.00857543945312
26-10-2020,179.25,181.16000366210935,366000,182.1699981689453,180.52999877929688,177.54983520507812
27-10-2020,181.00999450683597,181.9900054931641,657200,187.58999633789065,184.8500061035156,181.7985382080078
28-10-2020,180.32000732421875,181.80999755859372,612300,182.97000122070312,180.66000366210935,177.67771911621094
29-10-2020,177.6999969482422,180.0,581300,181.7400054931641,179.50999450683594,176.54669189453125
30-10-2020,189.1300048828125,195.8000030517578,897600,198.0,191.94000244140625,188.771484375
02-11-2020,193.19000244140625,195.16000366210935,870200,197.3999938964844,196.8000030517578,193.55126953125
03-11-2020,196.6699981689453,197.1999969482422,707000,203.5500030517578,202.4600067138672,199.11785888671875
04-11-2020,203.25,203.58999633789065,675200,212.27999877929688,209.4199981689453,205.9629364013672
05-11-2020,210.4499969482422,212.0,562000,215.63999938964844,212.80999755859372,209.29698181152344
06-11-2020,211.08999633789065,212.02999877929688,549600,216.05999755859372,214.19000244140625,210.6542053222656
09-11-2020,218.0,219.5399932861328,1145500,224.2400054931641,220.58999633789065,216.94851684570312
10-11-2020,210.9499969482422,219.1499938964844,784000,219.1499938964844,212.1100006103516,208.97799682617188
11-11-2020,214.13999938964844,214.55999755859372,562700,218.25,215.8300018310547,212.64309692382807
12-11-2020,210.57000732421875,215.0200042724609,396800,215.7899932861328,212.7899932861328,209.64796447753903
13-11-2020,212.0800018310547,213.42999267578125,265700,214.94000244140625,214.7400054931641,211.5691680908203
16-11-2020,213.58999633789065,215.58999633789065,307100,216.6199951171875,215.5399932861328,212.35736083984372
17-11-2020,211.50999450683597,213.50999450683597,332900,215.1699981689453,214.1499938964844,210.9878692626953
18-11-2020,210.94000244140625,214.6999969482422,388900,214.8500061035156,211.07000732421875,207.953369140625
19-11-2020,210.32000732421875,211.75999450683597,319000,213.1699981689453,211.75999450683597,208.63314819335935
20-11-2020,210.25,211.6300048828125,384200,212.1000061035156,211.0200042724609,207.90411376953125
23-11-2020,207.8999938964844,211.5200042724609,391400,213.6000061035156,209.57000732421875,206.4754943847656
24-11-2020,204.7899932861328,210.6000061035156,580700,211.0,206.52999877929688,203.4803924560547
25-11-2020,204.5800018310547,206.2100067138672,306900,206.9499969482422,206.02999877929688,202.9877471923828
27-11-2020,205.67999267578125,207.2400054931641,261000,210.25,209.63999938964844,206.5444793701172
30-11-2020,207.8699951171875,208.94000244140625,828200,211.0200042724609,209.6000061035156,206.50506591796875
01-12-2020,209.7400054931641,210.4600067138672,558600,212.3600006103516,211.6100006103516,208.48538208007807
02-12-2020,208.3000030517578,209.57000732421875,378800,210.5800018310547,209.25999450683597,206.1700897216797
03-12-2020,206.75,208.3600006103516,376300,209.25,207.3999938964844,204.3375396728516
04-12-2020,206.8800048828125,207.4199981689453,305800,209.9199981689453,209.69000244140625,206.59376525878903
07-12-2020,208.5800018310547,209.5200042724609,290200,211.47000122070312,209.2100067138672,206.12081909179688
08-12-2020,207.47999572753903,208.25999450683597,429800,212.38999938964844,212.1100006103516,208.97799682617188
09-12-2020,210.44000244140625,212.52999877929688,366400,213.25999450683597,211.7700042724609,208.6430206298828
10-12-2020,208.0399932861328,211.05999755859372,400700,213.0200042724609,208.72999572753903,205.6479034423828
11-12-2020,203.6100006103516,207.32000732421875,583900,207.8699951171875,204.52999877929688,201.50991821289065
14-12-2020,205.72999572753903,206.1699981689453,485300,210.17999267578125,206.3800048828125,203.3326110839844
15-12-2020,206.3699951171875,207.8000030517578,533000,209.1999969482422,208.6499938964844,205.569091796875
16-12-2020,207.72999572753903,209.5200042724609,500100,211.7700042724609,210.50999450683597,207.40164184570312
17-12-2020,210.5200042724609,211.0,402800,213.8800048828125,213.72999572753903,210.57408142089844
18-12-2020,212.4199981689453,214.1499938964844,1073900,219.27999877929688,218.4499969482422,215.2243804931641
21-12-2020,207.8800048828125,214.0,435000,215.25999450683597,213.47000122070312,210.3179168701172
22-12-2020,210.8500061035156,213.1499938964844,322300,214.1199951171875,211.6699981689453,208.5444793701172
23-12-2020,209.9199981689453,212.9499969482422,297800,213.1000061035156,209.97999572753903,206.8794708251953
24-12-2020,209.7100067138672,210.22999572753903,99600,212.92999267578125,212.4199981689453,209.283447265625
28-12-2020,210.8500061035156,215.2899932861328,235500,216.25999450683597,211.42999267578125,208.3080139160156
29-12-2020,210.17999267578125,213.63999938964844,328600,213.63999938964844,211.25999450683597,208.14056396484372
30-12-2020,209.3699951171875,212.63999938964844,249500,212.63999938964844,209.72000122070312,206.62327575683597
31-12-2020,208.5399932861328,210.33999633789065,322800,213.1199951171875,212.55999755859372,209.4213409423828
04-01-2021,208.1699981689453,213.2400054931641,468600,214.9900054931641,212.17999267578125,209.0469665527344
05-01-2021,211.6999969482422,211.94000244140625,520300,215.66000366210935,214.6100006103516,211.4410858154297
06-01-2021,211.2700042724609,211.5800018310547,638500,215.8800048828125,213.2100067138672,210.06175231933597
07-01-2021,208.94000244140625,210.55999755859372,583400,216.08999633789065,215.25999450683597,212.08148193359372
08-01-2021,214.08999633789065,214.6000061035156,506100,219.13999938964844,218.94000244140625,215.7071685791016
11-01-2021,217.4900054931641,218.6999969482422,319700,221.19000244140625,220.3000030517578,217.04705810546875
12-01-2021,215.57000732421875,219.7100067138672,337500,220.1999969482422,216.8800048828125,213.6775665283203
13-01-2021,215.13999938964844,216.72000122070312,435900,217.5,216.47999572753903,213.2834625244141
14-01-2021,213.02999877929688,217.1000061035156,420700,217.8600006103516,213.27999877929688,210.13072204589844
15-01-2021,210.2400054931641,212.8600006103516,388800,213.9199981689453,211.6199951171875,208.49522399902344
19-01-2021,212.57000732421875,213.6499938964844,397300,216.6699981689453,214.8999938964844,211.72679138183597
20-01-2021,213.75999450683597,215.83999633789065,445300,218.8600006103516,217.9600067138672,214.7416076660156
21-01-2021,214.07000732421875,218.2899932861328,404200,218.55999755859372,217.07000732421875,213.86477661132807
22-01-2021,214.6100006103516,217.4199981689453,298000,217.47000122070312,215.5200042724609,212.3376617431641
25-01-2021,215.7400054931641,215.92999267578125,491600,224.0,221.67999267578125,218.40667724609372
26-01-2021,219.25,221.4600067138672,456400,224.42999267578125,222.27999877929688,218.99783325195312
27-01-2021,213.0200042724609,219.1300048828125,526600,220.75,214.05999755859372,210.8991851806641
28-01-2021,214.27999877929688,215.72000122070312,500900,219.97999572753903,215.92999267578125,212.7415771484375
29-01-2021,198.8999938964844,212.6999969482422,1150000,212.6999969482422,201.57000732421875,198.59364318847656
01-02-2021,198.82000732421875,203.75999450683597,850000,203.92999267578125,202.6699981689453,199.6773681640625
02-02-2021,203.92999267578125,204.2899932861328,1050700,208.8800048828125,206.6699981689453,203.6183319091797
03-02-2021,203.0,204.4199981689453,969000,206.2400054931641,203.2100067138672,200.20941162109372
04-02-2021,201.8300018310547,203.1499938964844,760000,206.22000122070312,204.05999755859372,201.046875
05-02-2021,200.75999450683597,204.88999938964844,824800,207.0800018310547,202.1699981689453,199.18478393554688
08-02-2021,200.8000030517578,202.6100006103516,747000,204.02999877929688,201.5500030517578,198.5739288330078
09-02-2021,199.58999633789065,201.6100006103516,1226000,203.47000122070312,199.8600006103516,196.90890502929688
10-02-2021,199.1100006103516,201.3699951171875,943200,201.5500030517578,200.3999938964844,197.82693481445312
11-02-2021,199.5200042724609,201.63999938964844,840500,202.1999969482422,200.52999877929688,197.9552764892578
12-02-2021,198.7400054931641,199.8600006103516,1223800,200.9499969482422,200.5500030517578,197.97503662109372
16-02-2021,193.0200042724609,200.4600067138672,879700,200.4600067138672,194.1000061035156,191.60784912109372
17-02-2021,191.1000061035156,193.2700042724609,740500,201.58999633789065,199.72999572753903,197.16554260253903
18-02-2021,196.2100067138672,197.67999267578125,613200,201.4499969482422,199.8800048828125,197.31362915039065
19-02-2021,200.07000732421875,200.07000732421875,921600,203.22000122070312,201.17999267578125,198.59690856933597
22-02-2021,198.44000244140625,200.05999755859372,783300,201.1199951171875,200.0200042724609,197.4518280029297
23-02-2021,198.5399932861328,200.25,799200,201.6999969482422,200.08999633789065,197.5209197998047
24-02-2021,199.00999450683597,199.55999755859372,433500,202.97000122070312,200.97000122070312,198.38961791992188
25-02-2021,193.91000366210935,199.6699981689453,609700,200.82000732421875,194.97999572753903,192.4765472412109
26-02-2021,190.7400054931641,195.22999572753903,722200,195.47000122070312,192.77999877929688,190.3047637939453
01-03-2021,194.33999633789065,194.33999633789065,463100,196.8999938964844,195.6199951171875,193.10829162597656
02-03-2021,192.3500061035156,195.82000732421875,498800,196.3800048828125,193.2100067138672,190.729248046875
03-03-2021,188.47000122070312,191.8000030517578,386200,191.8000030517578,190.2100067138672,187.76779174804688
04-03-2021,181.27999877929688,189.5200042724609,985800,190.16000366210935,183.0500030517578,180.69970703125
05-03-2021,181.2700042724609,185.77999877929688,966200,185.77999877929688,185.0500030517578,182.67405700683597
08-03-2021,179.3699951171875,185.0500030517578,895200,186.1000061035156,179.4600067138672,177.15582275390625
09-03-2021,180.72000122070312,181.25,1222000,185.2400054931641,182.25999450683597,179.9198455810547
10-03-2021,183.69000244140625,184.8500061035156,737600,186.7700042724609,185.38999938964844,183.0096740722656
11-03-2021,186.25,187.52999877929688,598900,188.3000030517578,186.7100067138672,184.31272888183597
12-03-2021,184.47999572753903,185.7400054931641,505800,186.5399932861328,185.1199951171875,182.7431182861328
15-03-2021,185.47999572753903,185.47999572753903,897200,187.6199951171875,187.08999633789065,184.68783569335935
16-03-2021,190.6100006103516,192.0399932861328,744100,193.47999572753903,191.9900054931641,189.52491760253903
17-03-2021,189.6100006103516,191.25999450683597,584800,192.1000061035156,191.47000122070312,189.01158142089844
18-03-2021,184.8500061035156,190.00999450683597,627300,191.1000061035156,185.08999633789065,182.7135009765625
19-03-2021,184.6100006103516,185.6199951171875,1036700,186.41000366210935,185.6000061035156,183.2169647216797
22-03-2021,184.72999572753903,185.1699981689453,451000,189.83999633789065,189.7899932861328,187.3531494140625
23-03-2021,188.92999267578125,191.07000732421875,574200,192.22999572753903,190.7400054931641,188.2909698486328
24-03-2021,191.38999938964844,193.50999450683597,860700,195.4600067138672,192.17999267578125,189.71246337890625
25-03-2021,186.08999633789065,191.9900054931641,661500,191.9900054931641,187.52999877929688,185.1221618652344
26-03-2021,185.6100006103516,186.63999938964844,418700,191.0399932861328,190.92999267578125,188.47853088378903
29-03-2021,189.58999633789065,190.0,597800,192.4199981689453,191.0500030517578,188.5970001220703
30-03-2021,187.19000244140625,190.02999877929688,495400,191.19000244140625,189.30999755859372,186.8793182373047
31-03-2021,190.41000366210935,191.33999633789065,827100,195.8699951171875,194.0200042724609,191.52886962890625
01-04-2021,192.47000122070312,194.13999938964844,485700,194.97999572753903,194.44000244140625,191.94346618652344
05-04-2021,194.08999633789065,196.1499938964844,470300,196.5200042724609,195.1100006103516,192.6048583984375
06-04-2021,194.88999938964844,195.3300018310547,678000,197.2899932861328,196.2899932861328,193.76971435546875
07-04-2021,195.7899932861328,196.9900054931641,637200,198.6999969482422,197.1199951171875,194.5890350341797
08-04-2021,196.57000732421875,198.6100006103516,579200,198.80999755859372,197.2400054931641,194.70751953125
09-04-2021,197.44000244140625,198.08999633789065,392900,199.1699981689453,199.16000366210935,196.6028594970703
12-04-2021,198.47000122070312,198.47000122070312,453100,201.83999633789065,201.7400054931641,199.1497344970703
13-04-2021,201.1699981689453,202.0,657800,206.08999633789065,205.4499969482422,202.8121032714844
14-04-2021,205.0800018310547,205.0800018310547,933400,208.92999267578125,207.67999267578125,205.01345825195312
15-04-2021,203.75,207.4499969482422,690300,208.27999877929688,204.1999969482422,201.57814025878903
16-04-2021,204.47999572753903,205.6300048828125,475400,207.82000732421875,207.50999450683597,204.84564208984372
19-04-2021,204.6000061035156,206.6300048828125,398500,207.0,205.66000366210935,203.01939392089844
20-04-2021,204.88999938964844,206.0500030517578,349500,207.3800048828125,205.6999969482422,203.05889892578125
21-04-2021,206.38999938964844,206.8800048828125,267400,208.9900054931641,208.50999450683597,205.83279418945312
22-04-2021,207.32000732421875,208.3800048828125,327300,209.8699951171875,208.22000122070312,205.54653930664065
23-04-2021,207.22999572753903,208.8000030517578,280500,209.57000732421875,209.3000030517578,206.61268615722656
26-04-2021,209.0200042724609,209.7100067138672,515300,212.75,210.88999938964844,208.1822662353516
27-04-2021,209.75999450683597,210.75,530000,212.2400054931641,210.6699981689453,207.96507263183597
28-04-2021,209.4499969482422,210.0399932861328,311900,211.8000030517578,210.13999938964844,207.4418792724609
29-04-2021,206.7400054931641,210.6699981689453,424200,211.7100067138672,207.91000366210935,205.2405242919922
30-04-2021,187.08999633789065,198.0,1525900,198.5,187.97000122070312,185.55653381347656
03-05-2021,189.38999938964844,190.5500030517578,1279200,194.8999938964844,194.7400054931641,192.23959350585935
04-05-2021,187.6300048828125,193.41000366210935,929900,194.00999450683597,192.1699981689453,189.7026214599609
05-05-2021,190.07000732421875,192.0800018310547,755900,193.0,192.6000061035156,190.12710571289065
06-05-2021,189.6199951171875,192.1300048828125,725400,193.2899932861328,193.1000061035156,190.62066650390625
07-05-2021,193.6000061035156,193.8500061035156,407800,197.5,195.16000366210935,192.6542205810547
10-05-2021,193.19000244140625,196.0,600500,196.47999572753903,193.2100067138672,190.729248046875
11-05-2021,191.0399932861328,191.8000030517578,855500,195.9499969482422,194.75,192.24948120117188
12-05-2021,189.8300018310547,191.8999938964844,608300,193.67999267578125,192.32000732421875,190.23165893554688
13-05-2021,193.0,193.5,539400,196.3600006103516,194.8600006103516,192.7440948486328
14-05-2021,194.5200042724609,195.3800048828125,344500,196.72999572753903,195.4199981689453,193.29800415039065
17-05-2021,194.19000244140625,195.0,447900,195.9199981689453,195.0,192.88255310058597
18-05-2021,192.72999572753903,193.92999267578125,567900,195.08999633789065,193.5399932861328,191.4383850097656
19-05-2021,189.94000244140625,192.25999450683597,467600,194.1199951171875,193.8600006103516,191.75489807128903
20-05-2021,194.75,194.9900054931641,512700,199.69000244140625,198.75,196.59181213378903
21-05-2021,201.75,202.00999450683597,599700,204.55999755859372,202.13999938964844,199.94500732421875
24-05-2021,204.7700042724609,206.5,598300,207.6199951171875,206.3300018310547,204.08950805664065
25-05-2021,204.4600067138672,207.50999450683597,614400,208.41000366210935,206.5500030517578,204.30712890625
26-05-2021,201.58999633789065,205.69000244140625,606500,206.19000244140625,205.6100006103516,203.37733459472656
27-05-2021,205.25999450683597,205.69000244140625,1152900,207.8999938964844,205.9600067138672,203.72352600097656
28-05-2021,205.75999450683597,207.0,472200,210.22000122070312,205.8500061035156,203.61474609375
01-06-2021,204.97999572753903,207.1300048828125,569200,208.32000732421875,206.25,204.0103912353516
02-06-2021,203.1199951171875,205.6100006103516,470900,206.17999267578125,203.55999755859372,201.3495941162109
03-06-2021,202.0,202.50999450683597,417400,204.67999267578125,203.92999267578125,201.715576171875
04-06-2021,204.8500061035156,205.91000366210935,488600,207.0,205.30999755859372,203.08059692382807
07-06-2021,205.6000061035156,207.0200042724609,589200,208.52999877929688,206.6999969482422,204.4554901123047
08-06-2021,204.8800048828125,208.1199951171875,407100,208.88999938964844,207.47999572753903,205.22702026367188
09-06-2021,209.05999755859372,209.83999633789065,827900,214.0,211.9600067138672,209.6583709716797
10-06-2021,212.5399932861328,215.5,762100,220.6199951171875,220.52999877929688,218.13531494140625
11-06-2021,217.17999267578125,217.63999938964844,351100,219.72000122070312,218.5800018310547,216.2064971923828
14-06-2021,221.5,221.5,1240800,232.1499938964844,231.6999969482422,229.18402099609372
15-06-2021,231.4199981689453,232.1000061035156,1185400,238.0500030517578,236.4600067138672,233.89236450195312
16-06-2021,232.5399932861328,234.8000030517578,852300,237.75,236.8000030517578,234.2286376953125
17-06-2021,236.0,236.38999938964844,919200,241.6699981689453,240.4600067138672,237.84890747070312
18-06-2021,237.32000732421875,240.0200042724609,1252100,242.5,237.44000244140625,234.8616943359375
21-06-2021,235.8999938964844,238.44000244140625,455700,239.9900054931641,239.5200042724609,236.9191131591797
22-06-2021,238.00999450683597,239.0399932861328,502600,241.52999877929688,241.08999633789065,238.4720458984375
23-06-2021,242.75,242.75,567000,245.16000366210935,243.3999938964844,240.7569732666016
24-06-2021,244.8800048828125,244.9600067138672,544300,247.4199981689453,245.97000122070312,243.299072265625
25-06-2021,243.8300018310547,245.82000732421875,1248200,246.3699951171875,244.5,241.84503173828125
28-06-2021,245.07000732421875,245.4199981689453,528900,247.27999877929688,247.08999633789065,244.40689086914065
29-06-2021,245.0200042724609,246.97999572753903,421200,247.4600067138672,246.2899932861328,243.61557006835935
30-06-2021,244.3600006103516,246.66000366210935,647400,247.7899932861328,246.5200042724609,243.8430938720703
01-07-2021,245.19000244140625,245.72000122070312,537900,248.4499969482422,247.8800048828125,245.18833923339844
02-07-2021,246.6699981689453,248.0,383100,250.75999450683597,250.52999877929688,247.80953979492188
06-07-2021,244.16000366210935,246.8999938964844,1004300,248.6199951171875,247.92999267578125,245.2377777099609
07-07-2021,249.7100067138672,250.1300048828125,712400,252.6699981689453,252.0800018310547,249.34274291992188
08-07-2021,247.05999755859372,249.92999267578125,462800,251.30999755859372,250.72999572753903,248.00738525390625
09-07-2021,245.66000366210935,249.92999267578125,623400,249.92999267578125,247.67999267578125,244.9904937744141
12-07-2021,248.07000732421875,248.07000732421875,388700,250.2400054931641,248.83999633789065,246.13790893554688
13-07-2021,247.88999938964844,249.5500030517578,475900,250.92999267578125,248.75999450683597,246.05877685546875
14-07-2021,245.69000244140625,247.4900054931641,577600,249.58999633789065,249.3800048828125,246.6720428466797
15-07-2021,247.77999877929688,248.0,376700,250.13999938964844,249.6000061035156,246.8896484375
16-07-2021,250.47000122070312,250.47000122070312,403300,254.2100067138672,253.19000244140625,250.440673828125
19-07-2021,250.83999633789065,251.3800048828125,497500,254.5,253.5500030517578,250.7967529296875
20-07-2021,253.5500030517578,253.7700042724609,449000,256.5400085449219,255.25,252.47830200195312
21-07-2021,252.0800018310547,255.4600067138672,298000,255.5399932861328,255.3699951171875,252.5970001220703
22-07-2021,256.0899963378906,256.0899963378906,226100,258.6099853515625,257.5899963378906,254.79286193847656
23-07-2021,257.7300109863281,258.1700134277344,322700,260.25,259.8299865722656,257.008544921875
26-07-2021,255.8699951171875,256.6700134277344,298500,260.0,259.739990234375,256.9195861816406
27-07-2021,258.6300048828125,259.1600036621094,503900,265.239990234375,264.239990234375,261.3706970214844
28-07-2021,262.3299865722656,264.4100036621094,580100,267.0799865722656,266.0299987792969,263.1412353515625
29-07-2021,266.1199951171875,266.94000244140625,284300,269.9800109863281,269.7300109863281,266.80108642578125
30-07-2021,267.79998779296875,268.9599914550781,350300,272.75,271.79998779296875,268.8486022949219
02-08-2021,265.4800109863281,269.0,559200,270.7300109863281,268.6300048828125,265.7130432128906
03-08-2021,267.4200134277344,269.3800048828125,476500,273.1700134277344,273.0899963378906,270.1246032714844
04-08-2021,272.67999267578125,274.19000244140625,515700,277.489990234375,273.19000244140625,270.2235107421875
05-08-2021,263.20001220703125,273.1099853515625,953900,273.1099853515625,267.3800048828125,264.4765930175781
06-08-2021,267.94000244140625,272.0,718200,276.9800109863281,274.69000244140625,271.70721435546875
09-08-2021,273.8999938964844,275.0899963378906,519200,278.7900085449219,277.9700012207031,274.9515686035156
10-08-2021,273.8399963378906,278.04998779296875,465200,278.3099975585937,275.1199951171875,272.132568359375
11-08-2021,272.260009765625,276.1499938964844,355700,276.1499938964844,272.510009765625,269.5509033203125
12-08-2021,271.2200012207031,271.2200012207031,406700,275.5599975585937,275.20001220703125,272.2116394042969
13-08-2021,273.3099975585937,275.6400146484375,297500,275.6400146484375,275.1000061035156,272.1127624511719
16-08-2021,274.8800048828125,275.57000732421875,508100,280.3599853515625,280.239990234375,277.1969299316406
17-08-2021,279.260009765625,279.7699890136719,424800,282.0799865722656,280.6000061035156,277.55303955078125
18-08-2021,279.42999267578125,280.5,345500,283.1700134277344,279.57000732421875,276.9487609863281
19-08-2021,277.95001220703125,279.0,304400,286.2200012207031,283.0299987792969,280.3763122558594
20-08-2021,281.0,281.7300109863281,422600,287.8800048828125,285.69000244140625,283.0113525390625
23-08-2021,285.5299987792969,287.9599914550781,371900,290.260009765625,285.8399963378906,283.1599426269531
24-08-2021,282.0,285.6300048828125,367400,287.0799865722656,282.239990234375,279.5937194824219
25-08-2021,281.5799865722656,282.29998779296875,347200,286.1400146484375,285.5599975585937,282.882568359375
26-08-2021,282.9700012207031,285.2300109863281,250500,285.8999938964844,285.0400085449219,282.3674621582031
27-08-2021,285.17999267578125,286.1600036621094,297800,289.04998779296875,286.9100036621094,284.2198791503906
30-08-2021,285.5400085449219,285.8999938964844,342800,290.7799987792969,289.0599975585937,286.3497619628906
31-08-2021,287.32000732421875,290.0199890136719,520300,290.7300109863281,290.5299987792969,287.8059997558594
01-09-2021,283.4700012207031,288.4100036621094,552200,289.6199951171875,288.07000732421875,285.3690490722656
02-09-2021,289.4700012207031,289.57000732421875,301200,294.510009765625,294.3999938964844,291.6396789550781
03-09-2021,290.8800048828125,292.1600036621094,245500,296.42999267578125,295.79998779296875,293.0265808105469
07-09-2021,292.1700134277344,296.1700134277344,473300,296.7699890136719,296.010009765625,293.234619140625
08-09-2021,291.6700134277344,292.79998779296875,462500,298.29998779296875,297.3599853515625,294.5719299316406
09-09-2021,295.3099975585937,298.6000061035156,347900,301.3399963378906,295.5799865722656,292.8086242675781
10-09-2021,294.6000061035156,297.3299865722656,539800,298.0799865722656,295.5899963378906,292.8185119628906
13-09-2021,287.5,296.7900085449219,537800,297.6199951171875,288.8999938964844,286.1912536621094
14-09-2021,289.010009765625,289.7099914550781,454500,293.7900085449219,292.2799987792969,289.53961181640625
15-09-2021,288.95001220703125,291.8299865722656,416700,292.5599975585937,290.4200134277344,287.6970520019531
16-09-2021,282.5199890136719,289.260009765625,621100,289.260009765625,286.17999267578125,283.49676513671875
17-09-2021,284.0,284.989990234375,917500,287.8599853515625,285.95001220703125,283.2689208984375
20-09-2021,280.8699951171875,282.1000061035156,624600,286.7900085449219,284.2300109863281,281.5650329589844
21-09-2021,285.3599853515625,287.0299987792969,442400,291.75,288.2300109863281,285.52752685546875
22-09-2021,286.69000244140625,289.4700012207031,299300,290.75,288.4800109863281,285.77520751953125
23-09-2021,282.0400085449219,289.6400146484375,697500,289.7300109863281,282.75,280.0989074707031
24-09-2021,277.5400085449219,280.0400085449219,557100,280.4800109863281,279.4800109863281,276.859619140625
27-09-2021,268.3099975585937,277.2099914550781,585500,277.6700134277344,270.5,267.9637756347656
28-09-2021,262.07000732421875,268.0,689300,268.2300109863281,264.82000732421875,262.3370666503906
29-09-2021,263.5799865722656,266.29998779296875,451000,267.2900085449219,265.3599853515625,262.8719787597656
30-09-2021,263.5299987792969,267.3800048828125,569600,269.3900146484375,263.54998779296875,261.07891845703125
01-10-2021,257.7099914550781,263.54998779296875,658900,263.9700012207031,262.20001220703125,259.7416076660156
04-10-2021,253.8000030517578,260.7900085449219,675900,261.0799865722656,255.0200042724609,252.62893676757807
05-10-2021,255.6100006103516,257.04998779296875,558300,260.3999938964844,257.9700012207031,255.55128479003903
06-10-2021,252.42999267578125,256.57000732421875,688700,256.67999267578125,256.1700134277344,253.76817321777344
07-10-2021,254.8600006103516,258.3500061035156,430800,261.5599975585937,254.9900054931641,252.5992126464844
08-10-2021,252.9499969482422,257.0,547800,257.79998779296875,253.8999938964844,251.51942443847656
11-10-2021,251.42999267578125,253.3699951171875,609400,255.47999572753903,251.6199951171875,249.26080322265625
12-10-2021,251.5,253.5,776700,254.3999938964844,252.25,249.8849029541016
13-10-2021,251.0399932861328,253.72000122070312,848400,254.3300018310547,252.25,249.8849029541016
14-10-2021,253.02999877929688,255.05999755859372,697700,256.7300109863281,254.6199951171875,252.2326812744141
15-10-2021,255.25,255.7700042724609,570900,258.07000732421875,255.4900054931641,253.0945281982422
18-10-2021,252.00999450683597,254.30999755859372,792500,257.5400085449219,256.989990234375,254.5804443359375
19-10-2021,260.0400085449219,261.0799865722656,584000,263.3500061035156,260.1600036621094,257.7207336425781
20-10-2021,259.17999267578125,262.54998779296875,623300,263.2699890136719,261.45001220703125,258.9986572265625
21-10-2021,259.54998779296875,262.0299987792969,584500,263.45001220703125,263.0400085449219,260.57373046875
22-10-2021,262.739990234375,264.1099853515625,659600,268.1300048828125,267.5,264.991943359375
25-10-2021,265.20001220703125,268.0,580700,268.2300109863281,267.9800109863281,265.4674377441406
26-10-2021,266.8599853515625,270.3800048828125,381200,270.3800048828125,267.7200012207031,265.2098388671875
27-10-2021,266.010009765625,268.5,572400,270.95001220703125,268.1199951171875,265.6060791015625
28-10-2021,267.0400085449219,269.54998779296875,598600,275.6600036621094,268.6600036621094,266.1410217285156
29-10-2021,257.8399963378906,271.4700012207031,889000,275.1099853515625,262.9100036621094,260.4449462890625
01-11-2021,262.0,264.45001220703125,564300,266.69000244140625,264.95001220703125,262.4658508300781
02-11-2021,261.57000732421875,265.2799987792969,549300,268.25,262.6000061035156,260.1378479003906
03-11-2021,261.8699951171875,264.2900085449219,509100,268.1499938964844,268.1199951171875,265.6060791015625
04-11-2021,259.8999938964844,266.7099914550781,522400,267.8699951171875,262.6499938964844,260.1874084472656
05-11-2021,258.4800109863281,262.19000244140625,458900,264.489990234375,260.54998779296875,258.1070556640625
08-11-2021,258.8699951171875,259.9599914550781,517400,263.8099975585937,263.6300048828125,261.158203125
09-11-2021,259.7300109863281,262.0299987792969,387200,263.6199951171875,261.6499938964844,259.6103515625
10-11-2021,259.1099853515625,260.5799865722656,475400,263.5,259.4700012207031,257.4473571777344
11-11-2021,252.02999877929688,259.5400085449219,643800,259.5400085449219,253.3000030517578,251.32546997070312
12-11-2021,252.1199951171875,254.1300048828125,496800,255.8800048828125,254.80999755859372,252.82366943359372
15-11-2021,261.1099853515625,271.75,1254400,275.6000061035156,262.3699951171875,260.3247375488281
16-11-2021,261.19000244140625,262.29998779296875,545300,268.8999938964844,266.4800109863281,264.4027099609375
17-11-2021,262.010009765625,266.0,446300,266.17999267578125,262.5299987792969,260.4834899902344
18-11-2021,262.010009765625,263.0199890136719,268000,264.25,263.1600036621094,261.1086120605469
19-11-2021,257.7200012207031,263.0,402800,265.4800109863281,260.3099975585937,258.2807922363281
22-11-2021,256.45001220703125,261.0299987792969,497400,261.29998779296875,257.2200012207031,255.21487426757807
23-11-2021,251.05999755859372,255.8300018310547,279800,256.3699951171875,254.3600006103516,252.37718200683597
24-11-2021,252.4199981689453,252.8000030517578,275400,255.07000732421875,255.0,253.0121917724609
26-11-2021,250.44000244140625,255.2400054931641,241000,259.1700134277344,251.2100067138672,249.25173950195312
29-11-2021,251.72999572753903,252.67999267578125,446300,258.5400085449219,256.9200134277344,254.9172515869141
30-11-2021,254.16000366210935,257.6600036621094,1434300,261.25,254.8500061035156,252.8633575439453
01-12-2021,252.25999450683597,255.91000366210935,499200,259.20001220703125,253.2899932861328,251.3155212402344
02-12-2021,252.6000061035156,252.6999969482422,424900,258.5400085449219,255.8800048828125,253.8853454589844
03-12-2021,252.4900054931641,257.92999267578125,489700,258.45001220703125,254.77999877929688,252.79391479492188
06-12-2021,257.04998779296875,258.1499938964844,498800,261.75,260.29998779296875,258.2708435058594
07-12-2021,262.3500061035156,263.0799865722656,382300,266.92999267578125,265.9100036621094,263.837158203125
08-12-2021,265.9200134277344,266.4800109863281,363200,268.7699890136719,268.0199890136719,265.9306945800781
09-12-2021,264.54998779296875,267.9800109863281,332000,268.57000732421875,264.5599975585937,262.4976501464844
10-12-2021,258.7200012207031,264.9200134277344,398100,265.6000061035156,261.3800048828125,259.3424377441406
13-12-2021,258.1099853515625,260.75,376600,264.5299987792969,263.489990234375,261.4359741210937
14-12-2021,255.4499969482422,262.94000244140625,434200,263.4800109863281,256.4599914550781,254.46080017089844
15-12-2021,252.8300018310547,256.5199890136719,580000,259.7799987792969,256.5599975585937,254.56002807617188
16-12-2021,252.19000244140625,255.27999877929688,462600,258.07000732421875,253.7700042724609,251.79177856445312
17-12-2021,250.9199981689453,253.22999572753903,1389600,256.5899963378906,252.97999572753903,251.0079345703125
20-12-2021,245.3300018310547,251.33999633789065,463200,252.6100006103516,248.02999877929688,246.09652709960935
21-12-2021,251.9499969482422,253.7100067138672,564000,257.9599914550781,257.6300048828125,255.62173461914065
22-12-2021,257.04998779296875,257.19000244140625,298700,261.7200012207031,261.70001220703125,259.6600036621094
23-12-2021,257.5599975585937,261.17999267578125,461200,261.69000244140625,258.82000732421875,256.8024597167969
27-12-2021,257.5299987792969,260.4100036621094,201700,262.19000244140625,262.07000732421875,260.027099609375
28-12-2021,259.1199951171875,264.3099975585937,156400,264.3099975585937,260.8900146484375,258.8562927246094
29-12-2021,260.1000061035156,261.2300109863281,247700,263.44000244140625,261.1099853515625,259.0745544433594
30-12-2021,261.5400085449219,262.3599853515625,178200,263.32000732421875,261.989990234375,259.9476623535156
31-12-2021,260.25,261.1300048828125,293800,263.45001220703125,260.4800109863281,258.4494934082031
03-01-2022,254.47000122070312,258.5199890136719,375600,260.0400085449219,259.510009765625,257.4870300292969
04-01-2022,251.25999450683597,259.95001220703125,348900,259.95001220703125,253.44000244140625,251.46437072753903
05-01-2022,244.66000366210935,252.55999755859372,430000,254.1699981689453,244.7400054931641,242.83218383789065
06-01-2022,241.4900054931641,244.47000122070312,384100,246.50999450683597,241.8000030517578,239.91510009765625
07-01-2022,236.80999755859372,240.2700042724609,533300,242.1300048828125,237.22999572753903,235.38072204589844
10-01-2022,231.8000030517578,234.63999938964844,490300,237.38999938964844,237.3500061035156,235.49978637695312
11-01-2022,234.41000366210935,236.75,362900,238.38999938964844,238.3699951171875,236.51182556152344
12-01-2022,242.3600006103516,245.0,629900,247.32000732421875,244.1699981689453,242.26661682128903
13-01-2022,247.52999877929688,247.52999877929688,724900,254.7700042724609,251.6999969482422,249.7379150390625
14-01-2022,245.83999633789065,250.47000122070312,561800,254.1499938964844,252.16000366210935,250.1943206787109
18-01-2022,239.5500030517578,247.8000030517578,676600,247.8999938964844,240.69000244140625,238.81375122070312
19-01-2022,241.1199951171875,241.7899932861328,428000,246.1199951171875,241.38999938964844,239.50830078125
20-01-2022,237.69000244140625,242.82000732421875,493300,246.17999267578125,237.9600067138672,236.1050262451172
21-01-2022,234.1000061035156,237.4600067138672,467100,238.2100067138672,235.16000366210935,233.32684326171875
24-01-2022,228.3699951171875,236.0,784200,239.19000244140625,238.5200042724609,236.66067504882807
25-01-2022,229.3999938964844,231.7400054931641,569200,235.1499938964844,232.1699981689453,230.3601531982422
26-01-2022,227.91000366210935,234.0399932861328,549900,237.1999969482422,231.0399932861328,229.23895263671875
27-01-2022,223.1100006103516,224.9900054931641,820000,230.7700042724609,224.88999938964844,223.1369171142578
28-01-2022,209.0,221.6000061035156,1299600,223.8600006103516,216.1199951171875,214.43528747558597
31-01-2022,221.1499938964844,221.8000030517578,850400,228.9199981689453,228.6000061035156,226.8179931640625
01-02-2022,226.3500061035156,230.9499969482422,1112200,232.6000061035156,232.16000366210935,230.3502349853516
02-02-2022,232.5,233.3500061035156,847200,237.9600067138672,237.1999969482422,235.3509521484375
03-02-2022,232.0,232.8699951171875,924100,238.55999755859372,237.00999450683597,235.1624298095703
04-02-2022,235.6499938964844,236.41000366210935,519800,240.9499969482422,239.00999450683597,237.1468505859375
07-02-2022,236.2700042724609,237.8500061035156,565700,239.9199981689453,237.5500030517578,235.6982269287109
08-02-2022,236.1999969482422,236.1999969482422,566100,241.1699981689453,241.0500030517578,239.1709442138672
09-02-2022,242.5800018310547,242.97000122070312,499300,247.55999755859372,246.47999572753903,244.9854431152344
10-02-2022,240.3000030517578,241.8600006103516,831700,245.30999755859372,244.3500061035156,242.86837768554688
11-02-2022,241.17999267578125,244.44000244140625,1182800,245.7899932861328,243.9199981689453,242.44097900390625
14-02-2022,231.6699981689453,242.58999633789065,706600,242.75,233.6199951171875,232.2034149169922
15-02-2022,232.3000030517578,235.80999755859372,579900,235.9199981689453,235.25,233.8235626220703
16-02-2022,231.72000122070312,234.7899932861328,645000,237.72000122070312,237.57000732421875,236.12950134277344
17-02-2022,232.1499938964844,236.6499938964844,478000,236.8300018310547,234.2400054931641,232.81968688964844
18-02-2022,230.6300048828125,233.91000366210935,644400,235.8000030517578,231.72999572753903,230.32489013671875
22-02-2022,228.91000366210935,229.8300018310547,578500,234.47999572753903,233.2700042724609,231.85557556152344
23-02-2022,232.82000732421875,235.1499938964844,513100,236.5399932861328,233.22999572753903,231.8157958984375
24-02-2022,228.32000732421875,230.1199951171875,554800,238.02999877929688,237.77999877929688,236.3382110595703
25-02-2022,237.25,237.6000061035156,538800,246.13999938964844,245.38999938964844,243.90206909179688
28-02-2022,241.4499969482422,243.0800018310547,767800,247.19000244140625,246.75,245.2538299560547
01-03-2022,244.3000030517578,245.0,685400,251.9600067138672,251.1499938964844,249.62713623046875
02-03-2022,247.8999938964844,250.0,778300,251.6999969482422,249.6199951171875,248.10641479492188
03-03-2022,247.19000244140625,250.6199951171875,500000,251.94000244140625,249.91000366210935,248.3946685791016
04-03-2022,243.5200042724609,247.97999572753903,508000,254.6699981689453,254.6000061035156,253.0562286376953
07-03-2022,245.69000244140625,250.00999450683597,656000,251.8699951171875,247.27999877929688,245.78060913085935
08-03-2022,237.72999572753903,244.75999450683597,515300,245.25,238.8500061035156,237.4017333984375
09-03-2022,241.6699981689453,241.6999969482422,386500,247.22000122070312,245.22999572753903,243.7430419921875
10-03-2022,238.67999267578125,241.2899932861328,506100,245.05999755859372,242.6199951171875,241.1488800048828
11-03-2022,237.7700042724609,244.1100006103516,406200,244.1100006103516,238.07000732421875,236.62646484375
14-03-2022,235.69000244140625,239.25999450683597,345600,243.8300018310547,236.5800018310547,235.1454925537109
15-03-2022,237.88999938964844,238.07000732421875,464200,245.22000122070312,244.30999755859372,242.82861328125
16-03-2022,246.47999572753903,246.47999572753903,505300,255.5200042724609,255.3600006103516,253.8116149902344
17-03-2022,253.8999938964844,254.00999450683597,364300,259.2200012207031,259.2200012207031,257.648193359375
18-03-2022,258.6099853515625,259.3500061035156,753200,262.3800048828125,261.4700012207031,259.88458251953125
21-03-2022,254.3500061035156,259.6099853515625,387000,261.57000732421875,256.95001220703125,255.3919982910156
22-03-2022,254.5200042724609,256.739990234375,589700,260.07000732421875,255.0500030517578,253.5034942626953
23-03-2022,229.1100006103516,251.97999572753903,1300200,251.97999572753903,233.0,231.5872039794922
24-03-2022,236.5800018310547,238.00999450683597,1106900,241.77999877929688,241.3699951171875,239.9064483642578
25-03-2022,237.41000366210935,242.63999938964844,496800,243.5,240.3300018310547,238.87274169921875
28-03-2022,236.4600067138672,239.0,698100,242.57000732421875,242.47999572753903,241.00970458984372
29-03-2022,243.88999938964844,246.47000122070312,488100,248.97999572753903,247.22000122070312,245.72097778320312
30-03-2022,246.2700042724609,246.2700042724609,340900,249.7100067138672,249.00999450683597,247.5001220703125
31-03-2022,238.58999633789065,243.9499969482422,796000,245.9600067138672,242.50999450683597,241.03952026367188
01-04-2022,241.1000061035156,244.19000244140625,422800,247.47999572753903,246.44000244140625,244.9457092285156
04-04-2022,243.2899932861328,246.6000061035156,377300,248.82000732421875,245.7100067138672,244.2201385498047
05-04-2022,244.02999877929688,245.44000244140625,441000,250.3600006103516,245.47999572753903,243.99151611328125
06-04-2022,240.63999938964844,243.97999572753903,484400,247.8800048828125,247.2899932861328,245.79054260253903
07-04-2022,246.0,246.0800018310547,444900,253.6699981689453,252.0800018310547,250.551513671875
08-04-2022,247.32000732421875,251.1999969482422,401100,252.30999755859372,249.3300018310547,247.81817626953125
11-04-2022,241.8500061035156,247.0,293100,247.9900054931641,242.1499938964844,240.6817169189453
12-04-2022,236.5,242.00999450683597,406300,243.75999450683597,237.3699951171875,235.93069458007807
13-04-2022,235.0200042724609,236.4199981689453,413400,238.44000244140625,236.6000061035156,235.16537475585935
14-04-2022,233.5399932861328,237.00999450683597,424300,237.16000366210935,234.2100067138672,232.7898712158203
18-04-2022,231.02999877929688,233.2899932861328,345900,234.8500061035156,231.9900054931641,230.5833282470703
19-04-2022,232.97000122070312,232.97000122070312,517400,240.4900054931641,239.4199981689453,237.96827697753903
20-04-2022,240.4600067138672,240.8600006103516,361800,246.72999572753903,245.0399932861328,243.5541839599609
21-04-2022,238.4499969482422,246.75999450683597,474900,246.75999450683597,239.0,237.55081176757807
22-04-2022,226.7899932861328,235.7899932861328,382400,236.72999572753903,227.41000366210935,226.03109741210935
25-04-2022,223.1499938964844,225.7400054931641,571800,228.0,225.9499969482422,224.57994079589844
26-04-2022,216.50999450683597,223.4900054931641,531100,224.88999938964844,216.66000366210935,215.3462829589844
27-04-2022,213.9499969482422,217.13999938964844,550900,219.25,214.72000122070312,213.41802978515625
28-04-2022,208.5500030517578,216.50999450683597,874000,216.50999450683597,213.50999450683597,212.2153778076172
29-04-2022,197.16000366210935,199.0,1037400,207.75999450683597,199.97000122070312,198.75747680664065
02-05-2022,196.30999755859372,199.8000030517578,722700,202.83999633789065,199.7700042724609,198.5586853027344
03-05-2022,195.22999572753903,200.0,890900,201.9900054931641,196.4199981689453,195.22901916503903
04-05-2022,195.47999572753903,196.50999450683597,767100,206.4600067138672,205.2400054931641,203.9955291748047
05-05-2022,201.4499969482422,203.9900054931641,807800,206.97999572753903,203.72999572753903,202.49468994140625
06-05-2022,195.44000244140625,202.0500030517578,692800,202.52999877929688,202.0500030517578,200.8248748779297
09-05-2022,191.1199951171875,198.82000732421875,766300,198.82000732421875,192.7400054931641,191.57131958007807
10-05-2022,191.2899932861328,195.00999450683597,657800,198.2700042724609,195.22000122070312,194.03628540039065
11-05-2022,191.2400054931641,194.00999450683597,645600,198.8300018310547,191.4600067138672,190.7093811035156
12-05-2022,189.3999938964844,190.25,447800,195.42999267578125,192.30999755859372,191.55604553222656
13-05-2022,194.3999938964844,195.8600006103516,598300,200.2700042724609,196.8600006103516,196.08819580078125
16-05-2022,195.0200042724609,196.32000732421875,346400,198.7899932861328,196.91000366210935,196.13800048828125
17-05-2022,194.7700042724609,200.0,545200,200.25999450683597,197.8300018310547,197.0543975830078
18-05-2022,190.19000244140625,195.1300048828125,812100,196.5,191.41000366210935,190.6595764160156
19-05-2022,190.1199951171875,190.8600006103516,594000,199.6000061035156,197.58999633789065,196.8153533935547
20-05-2022,193.6499938964844,199.7400054931641,451300,202.4199981689453,197.66000366210935,196.88507080078125
23-05-2022,195.3699951171875,199.9900054931641,425900,201.3300018310547,198.4600067138672,197.6819305419922
24-05-2022,192.8600006103516,197.9199981689453,560300,197.9199981689453,195.5200042724609,194.7534637451172
25-05-2022,192.8500061035156,194.5200042724609,343600,196.52999877929688,195.3999938964844,194.6339111328125
26-05-2022,196.52999877929688,197.3999938964844,417300,202.80999755859372,202.05999755859372,201.267822265625
27-05-2022,204.0800018310547,204.0800018310547,372200,208.58999633789065,208.3000030517578,207.4833526611328
31-05-2022,202.42999267578125,205.9199981689453,950900,207.1999969482422,203.4600067138672,202.66233825683597
01-06-2022,201.50999450683597,205.66000366210935,577300,207.3300018310547,202.7100067138672,201.91526794433597
02-06-2022,202.05999755859372,203.0,462300,211.4499969482422,211.25999450683597,210.4317321777344
03-06-2022,206.07000732421875,209.44000244140625,462300,210.00999450683597,208.30999755859372,207.49331665039065
06-06-2022,209.17999267578125,212.9600067138672,486000,214.0800018310547,210.8500061035156,210.0233612060547
07-06-2022,207.32000732421875,208.00999450683597,566000,214.91000366210935,214.5,213.65904235839844
08-06-2022,211.5800018310547,212.52999877929688,339300,214.22000122070312,212.2700042724609,211.4377899169922
09-06-2022,208.3699951171875,210.94000244140625,368700,212.94000244140625,208.6100006103516,207.7921295166016
10-06-2022,205.0399932861328,205.0399932861328,579400,211.1999969482422,208.50999450683597,207.69253540039065
13-06-2022,201.57000732421875,202.33999633789065,588800,206.2700042724609,202.38999938964844,201.5965118408203
14-06-2022,199.80999755859372,203.1100006103516,641500,204.41000366210935,202.00999450683597,201.218017578125
15-06-2022,199.1300048828125,202.88999938964844,703100,206.17999267578125,203.27999877929688,202.4830322265625
16-06-2022,194.3000030517578,196.88999938964844,843700,199.88999938964844,196.22999572753903,195.46066284179688
17-06-2022,196.22999572753903,199.66000366210935,1267600,201.5500030517578,197.57000732421875,196.79542541503903
21-06-2022,199.47999572753903,200.72000122070312,832000,202.1300048828125,201.50999450683597,200.719970703125
22-06-2022,199.17999267578125,199.17999267578125,888700,203.7700042724609,202.97000122070312,202.17425537109372
23-06-2022,203.0,204.3800048828125,865600,207.94000244140625,207.4900054931641,206.67654418945312
24-06-2022,208.1999969482422,210.8500061035156,1264800,211.5800018310547,211.5,210.6708068847656
27-06-2022,209.3999938964844,212.2100067138672,600400,213.17999267578125,212.6199951171875,211.7864227294922
28-06-2022,211.13999938964844,213.7400054931641,574900,215.6199951171875,211.2700042724609,210.44171142578125
29-06-2022,209.4199981689453,212.1000061035156,478700,214.05999755859372,212.91000366210935,212.0752868652344
30-06-2022,208.3600006103516,210.22999572753903,693600,212.9900054931641,209.6300048828125,208.80813598632807
01-07-2022,209.2899932861328,210.0200042724609,589900,216.25999450683597,215.72000122070312,214.874267578125
05-07-2022,210.3000030517578,212.3300018310547,504600,216.58999633789065,216.42999267578125,215.5814666748047
06-07-2022,216.97999572753903,217.91000366210935,782000,221.4499969482422,217.2899932861328,216.43809509277344
07-07-2022,216.72999572753903,216.92999267578125,599200,220.4499969482422,220.27999877929688,219.4163818359375
08-07-2022,217.1999969482422,219.1499938964844,486800,220.9900054931641,217.6699981689453,216.81661987304688
11-07-2022,212.1999969482422,216.22000122070312,327800,218.91000366210935,216.8699951171875,216.01976013183597
12-07-2022,214.67999267578125,216.66000366210935,494600,220.3699951171875,215.77999877929688,214.93402099609372
13-07-2022,212.1999969482422,212.1999969482422,626800,219.7400054931641,218.25,217.3943328857422
14-07-2022,215.66000366210935,216.13999938964844,692000,222.58999633789065,221.9199981689453,221.04995727539065
15-07-2022,221.8999938964844,224.8999938964844,574300,226.07000732421875,225.5,224.6159210205078
18-07-2022,217.9499969482422,225.41000366210935,557200,225.8800048828125,218.75999450683597,217.9023284912109
19-07-2022,219.1100006103516,220.82000732421875,446600,224.9199981689453,224.75999450683597,223.8788146972656
20-07-2022,224.1699981689453,225.41000366210935,318900,229.57000732421875,226.8999938964844,226.0104217529297
21-07-2022,227.1000061035156,228.2899932861328,503600,233.50999450683597,232.91000366210935,231.9968719482422
22-07-2022,229.92999267578125,233.1100006103516,370800,235.50999450683597,231.75,230.84141540527344
25-07-2022,231.00999450683597,231.6699981689453,852300,236.9199981689453,236.0200042724609,235.0946807861328
26-07-2022,234.4900054931641,236.6999969482422,465300,239.13999938964844,238.16000366210935,237.22628784179688
27-07-2022,236.80999755859372,238.92999267578125,351800,241.2100067138672,240.16000366210935,239.21844482421875
28-07-2022,236.80999755859372,240.05999755859372,480700,244.38999938964844,243.07000732421875,242.11703491210935
29-07-2022,238.9499969482422,241.5399932861328,611300,241.7899932861328,240.5200042724609,239.57704162597656
01-08-2022,237.1000061035156,238.58999633789065,420500,241.19000244140625,239.1999969482422,238.26220703125
02-08-2022,238.1300048828125,238.4600067138672,480700,242.42999267578125,239.30999755859372,238.3717803955078
03-08-2022,238.2100067138672,240.72000122070312,407000,241.67999267578125,239.6000061035156,238.66064453125
04-08-2022,238.22999572753903,239.6000061035156,456300,239.9900054931641,238.6999969482422,237.76416015625
05-08-2022,235.5800018310547,237.07000732421875,458800,241.97000122070312,241.8000030517578,240.85202026367188
08-08-2022,235.5200042724609,243.0,569400,243.0500030517578,236.6300048828125,235.7022857666016
09-08-2022,235.08999633789065,236.3500061035156,393200,237.82000732421875,236.77999877929688,235.8516998291016
10-08-2022,239.72000122070312,240.66000366210935,537600,243.63999938964844,243.5800018310547,242.62503051757807
11-08-2022,240.32000732421875,245.0,720500,247.6499938964844,240.8500061035156,239.9057464599609
12-08-2022,231.19000244140625,237.33999633789065,765300,240.69000244140625,239.9900054931641,239.0491180419922
15-08-2022,235.0,239.0,522800,241.19000244140625,237.1100006103516,236.18040466308597
16-08-2022,235.0500030517578,236.75999450683597,484300,238.83999633789065,236.1000061035156,235.17437744140625
17-08-2022,234.6000061035156,235.02999877929688,378800,236.7400054931641,236.41000366210935,235.92282104492188
18-08-2022,233.3300018310547,236.7400054931641,394500,236.77999877929688,236.0,235.5136566162109
19-08-2022,232.58999633789065,236.0,485400,236.0,233.4900054931641,233.0088348388672
22-08-2022,228.75,231.6300048828125,314000,232.9499969482422,229.3600006103516,228.8873443603516
23-08-2022,223.0800018310547,228.57000732421875,472200,228.75999450683597,224.67999267578125,224.21697998046875
24-08-2022,223.6199951171875,224.88999938964844,345500,225.6499938964844,223.72000122070312,223.25897216796875
25-08-2022,224.58999633789065,226.30999755859372,293500,229.3800048828125,229.22999572753903,228.75759887695312
26-08-2022,221.0399932861328,228.6300048828125,269500,228.6300048828125,221.1499938964844,220.6942596435547
29-08-2022,218.6999969482422,219.2400054931641,303600,221.9900054931641,220.6300048828125,220.1753387451172
30-08-2022,218.3500061035156,221.17999267578125,322700,221.4199981689453,219.44000244140625,218.98779296875
31-08-2022,219.6100006103516,221.3600006103516,598600,222.5500030517578,219.9199981689453,219.466796875
01-09-2022,214.8600006103516,219.1300048828125,403200,219.77999877929688,219.47999572753903,219.02769470214844
02-09-2022,214.6000061035156,221.4199981689453,255800,221.8500061035156,215.97999572753903,215.534912109375
06-09-2022,216.8699951171875,216.9199981689453,501100,221.3600006103516,220.66000366210935,220.2052764892578
07-09-2022,221.0,221.0,697800,231.83999633789065,231.2899932861328,230.8133544921875
08-09-2022,228.91000366210935,230.92999267578125,405900,233.4199981689453,233.07000732421875,232.58970642089844
09-09-2022,232.02999877929688,233.58999633789065,412200,237.6199951171875,236.02999877929688,235.5435943603516
12-09-2022,236.1199951171875,236.1199951171875,601300,239.1000061035156,238.00999450683597,237.5195159912109
13-09-2022,233.6199951171875,233.6199951171875,653400,236.0,234.63999938964844,234.15646362304688
14-09-2022,232.3300018310547,235.32000732421875,513200,235.52999877929688,233.1999969482422,232.71942138671875
15-09-2022,225.7899932861328,232.3800048828125,439200,233.8000030517578,225.9499969482422,225.4843597412109
16-09-2022,219.8800048828125,225.67999267578125,803300,225.67999267578125,223.07000732421875,222.6103057861328
19-09-2022,219.2899932861328,221.3500061035156,432200,224.6100006103516,224.25999450683597,223.7978515625
20-09-2022,218.2400054931641,223.0200042724609,331100,223.0200042724609,220.1999969482422,219.7462158203125
21-09-2022,217.3500061035156,222.1100006103516,382000,224.1499938964844,217.58999633789065,217.1415863037109
22-09-2022,213.5500030517578,216.2400054931641,255600,216.80999755859372,213.69000244140625,213.2496337890625
23-09-2022,210.52999877929688,212.1699981689453,287500,214.72000122070312,214.50999450683597,214.06793212890625
26-09-2022,213.3800048828125,213.66000366210935,300100,216.8699951171875,215.1000061035156,214.65673828125
27-09-2022,211.5200042724609,217.1499938964844,319500,217.5800018310547,212.32000732421875,211.8824615478516
28-09-2022,212.6300048828125,214.08999633789065,454000,219.3699951171875,218.75,218.29920959472656
29-09-2022,215.8300018310547,217.25,445200,220.3000030517578,218.4600067138672,218.0098114013672
30-09-2022,217.7100067138672,219.25999450683597,521200,223.1300048828125,218.3000030517578,217.8501434326172
03-10-2022,218.02999877929688,220.19000244140625,460600,226.6199951171875,224.25,223.78787231445312
04-10-2022,222.50999450683597,225.97999572753903,516200,229.5200042724609,228.72999572753903,228.25863647460935
05-10-2022,227.77999877929688,231.1499938964844,597700,235.0,231.75999450683597,231.2823944091797
06-10-2022,228.80999755859372,231.3300018310547,452500,232.13999938964844,229.8500061035156,229.3763427734375
07-10-2022,221.1499938964844,227.83999633789065,330400,227.8699951171875,222.41000366210935,221.95166015625
10-10-2022,217.97999572753903,223.19000244140625,234100,223.19000244140625,219.17999267578125,218.7283172607422
11-10-2022,213.50999450683597,217.63999938964844,553300,217.7400054931641,215.0,214.5569305419922
12-10-2022,209.82000732421875,213.55999755859372,546500,213.55999755859372,210.1300048828125,209.6969757080078
13-10-2022,206.3000030517578,206.3500061035156,537900,216.2100067138672,214.77999877929688,214.3373870849609
14-10-2022,210.8000030517578,216.6699981689453,415100,217.69000244140625,211.75,211.31362915039065
17-10-2022,212.75,214.0500030517578,560500,215.75,215.0,214.5569305419922
18-10-2022,214.97000122070312,221.3600006103516,610300,222.97000122070312,218.8999938964844,218.4488983154297
19-10-2022,213.5,217.6300048828125,311200,218.6300048828125,215.3000030517578,214.8563232421875
20-10-2022,215.47999572753903,218.30999755859372,721900,221.50999450683597,217.4199981689453,216.9719390869141
21-10-2022,213.5,217.94000244140625,506800,223.4600067138672,222.27999877929688,221.82192993164065
24-10-2022,223.0,224.47000122070312,560400,226.3300018310547,225.6300048828125,225.1650390625
25-10-2022,223.3300018310547,224.0,647400,230.5500030517578,229.97999572753903,229.5060577392578
26-10-2022,229.6100006103516,230.5,590100,236.75,233.97000122070312,233.4878387451172
27-10-2022,230.22000122070312,232.72000122070312,812900,235.63999938964844,232.2899932861328,231.8112945556641
28-10-2022,209.3000030517578,215.1199951171875,1228200,219.4499969482422,218.72999572753903,218.27923583984372
31-10-2022,217.6499938964844,218.4499969482422,715600,224.1100006103516,223.69000244140625,223.22903442382807
01-11-2022,219.00999450683597,225.2400054931641,748100,225.5399932861328,220.8699951171875,220.41482543945312
02-11-2022,217.8699951171875,220.9499969482422,597800,227.1499938964844,218.0,217.55075073242188
03-11-2022,208.80999755859372,215.22999572753903,681600,215.22999572753903,208.94000244140625,208.50942993164065
04-11-2022,206.6699981689453,212.30999755859372,698700,213.0399932861328,210.88999938964844,210.4553985595703
07-11-2022,209.05999755859372,210.97999572753903,657800,212.9900054931641,212.63999938964844,212.2017974853516
08-11-2022,207.3800048828125,211.92999267578125,508800,214.17999267578125,213.50999450683597,213.0699920654297
09-11-2022,210.4900054931641,213.19000244140625,321000,215.3500061035156,211.9600067138672,211.9600067138672
10-11-2022,217.9600067138672,219.9600067138672,450100,225.7100067138672,225.17999267578125,225.17999267578125
11-11-2022,222.2700042724609,227.47999572753903,488800,228.1499938964844,223.02999877929688,223.02999877929688
14-11-2022,218.5,222.94000244140625,360700,224.13999938964844,220.8800048828125,220.8800048828125
15-11-2022,221.72000122070312,223.72000122070312,517700,227.42999267578125,223.6300048828125,223.6300048828125
16-11-2022,223.19000244140625,224.44000244140625,305600,225.97999572753903,224.5800018310547,224.5800018310547
17-11-2022,217.47000122070312,221.97000122070312,265100,221.97000122070312,218.97999572753903,218.97999572753903
18-11-2022,222.1100006103516,224.0399932861328,412800,226.0399932861328,224.3999938964844,224.3999938964844
21-11-2022,222.44000244140625,223.16000366210935,318300,227.5399932861328,225.2100067138672,225.2100067138672
22-11-2022,224.47000122070312,225.5399932861328,322000,229.9600067138672,229.66000366210935,229.66000366210935
23-11-2022,228.55999755859372,230.0,323300,232.1499938964844,229.33999633789065,229.33999633789065
25-11-2022,229.02999877929688,229.8000030517578,196400,231.0,229.9199981689453,229.9199981689453
28-11-2022,224.1699981689453,229.02999877929688,427600,230.6100006103516,225.5399932861328,225.5399932861328
29-11-2022,222.8999938964844,225.4900054931641,350200,226.5,223.1999969482422,223.1999969482422
30-11-2022,223.13999938964844,224.3999938964844,1124400,230.30999755859372,230.1999969482422,230.1999969482422
01-12-2022,228.1100006103516,231.82000732421875,476200,232.80999755859372,229.33999633789065,229.33999633789065
02-12-2022,227.5,227.5,368600,234.3699951171875,232.8999938964844,232.8999938964844
05-12-2022,219.02999877929688,229.80999755859372,495500,229.80999755859372,219.3500061035156,219.3500061035156
06-12-2022,215.7700042724609,218.3999938964844,603100,218.94000244140625,217.72999572753903,217.72999572753903
07-12-2022,218.6999969482422,218.6999969482422,492100,224.3699951171875,222.17999267578125,222.17999267578125
08-12-2022,220.8000030517578,222.8999938964844,773900,224.2400054931641,222.5,222.5
09-12-2022,219.57000732421875,221.8000030517578,293700,222.42999267578125,219.67999267578125,219.67999267578125
12-12-2022,219.22999572753903,220.97000122070312,143190,221.5,220.3350067138672,220.3350067138672
